4 0.268672 0.071563 0.059062 0.060533
14 0.571982 0.173123 0.072598 0.067259
1 0.640273 0.297552 0.036914 0.030939
14 0.517842 0.467043 0.038144 0.03632
14 0.594746 0.506726 0.049219 0.045736
14 0.660576 0.506053 0.055371 0.052462
24 0.625508 0.609631 0.05168 0.049771
14 0.624892 0.662093 0.045527 0.0417
14 0.780546 0.664783 0.039375 0.0417
14 0.581826 0.742131 0.043066 0.037665
14 0.743632 0.741458 0.034453 0.03632
14 0.614433 0.851762 0.056601 0.03632
14 0.77747 0.855798 0.043066 0.03901
24 0.781777 0.610304 0.05168 0.056497
36 0.659345 0.747511 0.045527 0.040355
36 0.81623 0.746166 0.041836 0.040355