1 0.435572 0.277166 0.036196 0.025363
14 0.269072 0.443839 0.047778 0.030194
14 0.38345 0.484299 0.056465 0.048311
14 0.447878 0.486111 0.04633 0.047103
14 0.392137 0.646744 0.041987 0.039857
14 0.225637 0.645537 0.050674 0.044688
14 0.174963 0.732496 0.047778 0.037441
14 0.342911 0.729477 0.044883 0.038649
14 0.388517 0.854481 0.052122 0.042272
14 0.221293 0.853274 0.05357 0.039857
14 0.299476 0.88226 0.062257 0.030194
24 0.224913 0.590583 0.057913 0.048311
24 0.400824 0.592395 0.056465 0.05435
36 0.270519 0.732496 0.050674 0.042272
36 0.442811 0.736724 0.059361 0.048311