11 0.128154 0.206259 0.007905 0.032638
11 0.139708 0.205094 0.005473 0.030307
11 0.128763 0.332148 0.007905 0.0373
11 0.140924 0.33448 0.007905 0.032638
11 0.160991 0.285523 0.005473 0.0373
11 0.1692 0.294848 0.006081 0.032638
11 0.478413 0.206259 0.007905 0.032638
11 0.491183 0.206259 0.006689 0.0373
11 0.51125 0.283192 0.005473 0.032638
11 0.519763 0.284357 0.007905 0.039632
11 0.477805 0.335645 0.007905 0.030307
11 0.489967 0.333314 0.006689 0.030307
11 0.828671 0.205094 0.007905 0.025644
11 0.839009 0.207425 0.006689 0.034969
11 0.860596 0.28902 0.008513 0.034969
11 0.871846 0.287854 0.007905 0.0373
11 0.826543 0.328651 0.012162 0.039632
11 0.842657 0.330983 0.009121 0.039632