4 0.104737 0.047171 0.015191 0.067172
4 0.1257 0.047171 0.015798 0.067172
4 0.477518 0.051803 0.017014 0.062539
4 0.501823 0.050645 0.015798 0.064855
4 0.852729 0.056436 0.01276 0.062539
4 0.874907 0.062226 0.014583 0.069488
4 0.853944 0.295011 0.01276 0.085702
4 0.854856 0.545167 0.014583 0.071804
4 0.478429 0.542851 0.017621 0.062539
4 0.479948 0.300801 0.013368 0.060223
4 0.106256 0.290378 0.010937 0.067172
4 0.104433 0.539376 0.010937 0.05559
4 0.031822 0.577595 0.01033 0.044009
4 0.054304 0.577595 0.009114 0.039376
4 0.404602 0.582227 0.010937 0.044009
4 0.428604 0.581069 0.009114 0.041693
4 0.778902 0.576437 0.010937 0.041693
4 0.803207 0.578753 0.008507 0.046325
8 0.140587 0.953987 0.011545 0.046325
8 0.515191 0.951671 0.012153 0.041693
8 0.88949 0.953987 0.013368 0.041693
24 0.154563 0.959778 0.009114 0.044009
24 0.529166 0.959778 0.010937 0.039376
24 0.902858 0.955146 0.009722 0.039376
4 0.166715 0.957462 0.01276 0.053274
4 0.540104 0.95862 0.009722 0.03706
4 0.915619 0.955146 0.010937 0.048642
8 0.07071 0.613497 0.01033 0.03706
8 0.444706 0.613497 0.010937 0.046325
8 0.819917 0.618129 0.011545 0.050958