11 0.290797 0.186856 0.018775 0.042836
11 0.325664 0.187595 0.017881 0.04579
11 0.394057 0.289883 0.014304 0.033235
11 0.417526 0.290622 0.011175 0.033235
11 0.291244 0.374816 0.015199 0.034712
11 0.326335 0.372231 0.014752 0.033973
11 0.392085 0.477908 0.015567 0.038275
11 0.41842 0.479321 0.01654 0.03545
11 0.275151 0.577917 0.016093 0.033235
11 0.321641 0.57644 0.016093 0.036189
11 0.40642 0.710832 0.018149 0.035607
11 0.431383 0.712702 0.012963 0.038404
11 0.277642 0.832467 0.016625 0.037767
11 0.319204 0.827317 0.01801 0.04349
11 0.407178 0.962936 0.01801 0.035478
11 0.431076 0.965798 0.015932 0.038912