11 0.503906 0.118251 0.014755 0.027918
11 0.523434 0.118858 0.012151 0.029132
11 0.561189 0.17166 0.016491 0.027918
11 0.577246 0.170446 0.012151 0.023063
11 0.50217 0.209288 0.018227 0.027918
11 0.525604 0.210502 0.014755 0.032773
11 0.561623 0.26209 0.017359 0.029132
11 0.580284 0.263304 0.016491 0.026704
11 0.49349 0.311857 0.013019 0.021849
11 0.520396 0.312464 0.018227 0.020635
11 0.569869 0.373762 0.011283 0.024277
11 0.588095 0.37619 0.011283 0.026704
11 0.497396 0.438095 0.015623 0.026704
11 0.521264 0.433846 0.014755 0.02549
11 0.570303 0.499393 0.013887 0.023063
11 0.588095 0.495752 0.013019 0.027918
11 0.503472 0.530346 0.017359 0.021849
11 0.525604 0.530346 0.011283 0.024277
11 0.562925 0.583754 0.013019 0.026704
11 0.585492 0.584361 0.016491 0.030346
11 0.50217 0.62381 0.021698 0.03156
11 0.523868 0.621383 0.016491 0.03156
11 0.560321 0.676005 0.014755 0.024277
11 0.580284 0.674184 0.016491 0.027918