11 0.510851 0.104469 0.015501 0.027778
11 0.529452 0.101449 0.012401 0.028986
11 0.512013 0.19686 0.013176 0.019324
11 0.529064 0.19686 0.013176 0.02657
11 0.50465 0.288043 0.012401 0.020531
11 0.526739 0.28442 0.010076 0.022947
11 0.503875 0.403382 0.015501 0.02657
11 0.523639 0.399758 0.010076 0.028986
11 0.511238 0.500604 0.011626 0.020531
11 0.567042 0.471014 0.011626 0.02657
11 0.584093 0.469203 0.013176 0.022947
11 0.530227 0.5 0.017051 0.024155
11 0.561229 0.542271 0.010851 0.024155
11 0.577892 0.543478 0.011626 0.02657
11 0.510076 0.588768 0.017051 0.020531
11 0.529064 0.585749 0.010076 0.016908
11 0.558129 0.630435 0.013951 0.024155
11 0.574017 0.628019 0.011626 0.021739
11 0.559679 0.243357 0.010851 0.018116
11 0.577892 0.242754 0.013176 0.02657
11 0.567042 0.346014 0.011626 0.025362
11 0.585643 0.345411 0.014726 0.02657
11 0.562779 0.155797 0.012401 0.02657
11 0.578668 0.157005 0.013176 0.02657