2 0.119476 0.728108 0.042021 0.058688
7 0.119087 0.728108 0.050581 0.067547
4 0.294175 0.856004 0.011673 0.03322
4 0.188344 0.736967 0.021011 0.018824
4 0.346312 0.607964 0.010116 0.02879
4 0.588322 0.609625 0.014785 0.027683
3 0.163442 0.775723 0.013229 0.034327
3 0.187177 0.848806 0.015563 0.032112
3 0.22414 0.848253 0.013229 0.031005
3 0.26227 0.848806 0.017898 0.029898
12 0.485993 0.954556 0.026458 0.03322
12 0.875855 0.379302 0.026458 0.043186
13 0.119476 0.807282 0.024901 0.050937
11 0.311294 0.816694 0.011673 0.025468