12 0.278422 0.028312 0.022089 0.030967
12 0.667737 0.029418 0.022089 0.033179
12 0.278077 0.96284 0.020018 0.030967
12 0.668427 0.96284 0.02623 0.028755
12 0.96628 0.444702 0.020018 0.036496
4 0.12104 0.681929 0.013805 0.01106
4 0.173155 0.783676 0.010354 0.024331
4 0.242873 0.571334 0.007593 0.024331
4 0.425796 0.570781 0.010354 0.023225
3 0.101022 0.712895 0.012425 0.028755
3 0.118969 0.778146 0.012425 0.030967
3 0.148305 0.77704 0.013115 0.028755
3 0.569027 0.777593 0.009664 0.027649
3 0.598364 0.77704 0.010354 0.024331
3 0.551425 0.714001 0.008974 0.028755
4 0.622524 0.782017 0.008974 0.027649
4 0.571443 0.681929 0.014496 0.013271
4 0.692241 0.571887 0.007593 0.027649
4 0.875854 0.573546 0.008974 0.026543
2 0.067888 0.678611 0.033133 0.050874
7 0.068579 0.678611 0.041416 0.061933
2 0.518292 0.678058 0.032443 0.049768
7 0.517947 0.678611 0.040036 0.061933
13 0.067543 0.742203 0.017257 0.036496
13 0.518637 0.742756 0.019328 0.04645
11 0.185235 0.75271 0.012425 0.024331
11 0.636674 0.749392 0.012425 0.024331