12 0.038134 0.437169 0.02121 0.029762
12 0.169782 0.029872 0.019747 0.02866
12 0.565093 0.029872 0.021941 0.030864
12 0.86569 0.028219 0.021941 0.029762
12 0.170148 0.944224 0.023404 0.029762
12 0.565458 0.944775 0.024136 0.030864
12 0.865324 0.945326 0.024136 0.031966
7 0.107249 0.666997 0.036569 0.05291
2 0.106884 0.666446 0.0373 0.056217
4 0.161371 0.670304 0.014628 0.013228
3 0.142721 0.700066 0.013896 0.02866
3 0.160274 0.762897 0.012433 0.02425
3 0.190627 0.761795 0.011702 0.019841
3 0.218785 0.762897 0.012433 0.026455
4 0.244749 0.768408 0.010239 0.02425
4 0.2879 0.562831 0.007314 0.023148
4 0.479887 0.563382 0.010971 0.02425
4 0.568384 0.739198 0.016822 0.016534
3 0.603124 0.698964 0.010239 0.02425
3 0.621409 0.761795 0.011702 0.02425
3 0.651395 0.762897 0.011702 0.026455
3 0.681016 0.763448 0.012433 0.027557
4 0.706615 0.770062 0.009508 0.020944
4 0.623237 0.670855 0.015359 0.012125
2 0.568384 0.666446 0.035838 0.054012
7 0.567287 0.665895 0.046808 0.066138
4 0.749035 0.562831 0.008045 0.025353
4 0.94029 0.563933 0.008777 0.029762
13 0.106884 0.728175 0.02121 0.03858