12 0.049887 0.371823 0.031603 0.036464
12 0.237246 0.929282 0.036117 0.035359
12 0.801129 0.928177 0.038826 0.030939
4 0.31535 0.832597 0.01535 0.027624
4 0.196614 0.717127 0.02167 0.01326
4 0.374944 0.592818 0.011738 0.027624
3 0.170429 0.752486 0.019865 0.033149
3 0.194808 0.824862 0.016253 0.029834
3 0.237246 0.827624 0.019865 0.030939
3 0.279233 0.826519 0.022573 0.028729
4 0.648533 0.59337 0.01535 0.026519
2 0.118962 0.70884 0.048758 0.060773
7 0.11851 0.708287 0.062302 0.075138
13 0.119413 0.783978 0.026185 0.043094
11 0.334312 0.794475 0.018962 0.024309