4 0.362271 0.850956 0.012222 0.022038
4 0.233943 0.734706 0.026324 0.018732
4 0.425259 0.606885 0.015982 0.025344
4 0.716701 0.605232 0.015982 0.022038
3 0.205269 0.771068 0.017863 0.034159
3 0.232532 0.844345 0.019743 0.033057
3 0.278599 0.844345 0.021623 0.02865
3 0.323255 0.843243 0.022563 0.02865
2 0.151681 0.725339 0.051707 0.059503
7 0.151211 0.726992 0.063929 0.071624
12 0.341588 0.95123 0.036665 0.037465
12 0.909898 0.95123 0.031965 0.033057
13 0.151681 0.801371 0.032905 0.04628
11 0.381543 0.81239 0.022563 0.01763