5 0.747079 0.737697 0.094204 0.138252
2 0.388443 0.739516 0.069413 0.090955
7 0.052118 0.22774 0.076024 0.095806
7 0.153759 0.231985 0.077677 0.106721
7 0.248789 0.232591 0.072719 0.107934
7 0.356628 0.22774 0.076851 0.110359
7 0.49091 0.230166 0.077677 0.110359
7 0.086825 0.435118 0.066108 0.098232
7 0.155825 0.436938 0.060324 0.10187
7 0.216562 0.435725 0.067761 0.104296
7 0.280191 0.434512 0.064455 0.106721
7 0.344233 0.430874 0.065282 0.104296
2 0.051292 0.22774 0.047928 0.071552
2 0.154172 0.22774 0.047102 0.071552
2 0.250442 0.228347 0.044623 0.080041
2 0.357455 0.231378 0.050407 0.081253
2 0.488018 0.22774 0.045449 0.078828
2 0.089717 0.435725 0.045449 0.072764
2 0.149627 0.434512 0.041318 0.07519
2 0.214496 0.434512 0.048755 0.07519
2 0.276059 0.433906 0.044623 0.073977
2 0.340927 0.435118 0.043797 0.073977