7 0.094 0.230879 0.062461 0.098414
7 0.191802 0.232094 0.064105 0.098414
7 0.282618 0.230879 0.066571 0.095984
7 0.376721 0.228449 0.065749 0.093554
7 0.50452 0.230272 0.069858 0.089909
7 0.131806 0.425885 0.067393 0.08505
7 0.193857 0.4271 0.059996 0.094769
7 0.253031 0.425885 0.056708 0.092339
7 0.313848 0.426493 0.055065 0.088694
7 0.372201 0.42467 0.058352 0.099629
2 0.093179 0.227842 0.046024 0.06561
2 0.192213 0.232094 0.050134 0.071685
2 0.284672 0.233309 0.047668 0.071685
2 0.377132 0.231487 0.04849 0.06561
2 0.504109 0.228449 0.047668 0.076545
2 0.130984 0.4271 0.046024 0.0729
2 0.192624 0.425885 0.047668 0.07047
2 0.250976 0.430138 0.044381 0.074115
2 0.31015 0.4271 0.042737 0.0729
2 0.37179 0.426493 0.046024 0.069255
2 0.415348 0.719914 0.062461 0.094769
5 0.751901 0.717484 0.086295 0.136079