7 0.052479 0.228867 0.077432 0.107968
7 0.151141 0.230687 0.073269 0.101902
7 0.254384 0.236753 0.079929 0.118886
7 0.352214 0.232507 0.079097 0.120099
7 0.485846 0.232507 0.089921 0.117673
7 0.164879 0.433278 0.070771 0.101902
7 0.232736 0.431459 0.061612 0.105542
7 0.295181 0.432672 0.059947 0.107968
7 0.357626 0.433885 0.063277 0.105542
7 0.420487 0.432672 0.065775 0.103115
2 0.048732 0.230687 0.04496 0.065509
2 0.15239 0.232507 0.042462 0.066722
2 0.251886 0.230081 0.043295 0.076427
2 0.354712 0.233113 0.047458 0.080066
2 0.486678 0.229474 0.04163 0.07764
2 0.16821 0.435098 0.047458 0.069148
2 0.228989 0.434491 0.042462 0.072787
2 0.290602 0.432672 0.042462 0.066722
2 0.354712 0.435705 0.047458 0.075214
2 0.417573 0.432065 0.04496 0.070361
2 0.393844 0.737165 0.069106 0.095837
5 0.744784 0.749296 0.101577 0.163771