4 0.524458 0.216486 0.008735 0.024582
2 0.321803 0.256227 0.033194 0.071288
2 0.35718 0.254179 0.036688 0.062275
2 0.354341 0.332022 0.035377 0.062275
2 0.321148 0.435267 0.029263 0.070469
2 0.358709 0.434448 0.031883 0.058997
2 0.353686 0.508604 0.036688 0.066372
2 0.32224 0.607342 0.030573 0.057358
2 0.360238 0.611439 0.031447 0.058997
2 0.355433 0.683137 0.038435 0.0549
2 0.668807 0.256637 0.035377 0.062275
2 0.708333 0.255818 0.03232 0.067191
2 0.706586 0.325467 0.033194 0.055719
2 0.672082 0.432399 0.031447 0.061455
2 0.707678 0.43199 0.029263 0.063913
2 0.703966 0.501639 0.038435 0.052442
2 0.671427 0.648722 0.037998 0.06801
2 0.70877 0.649951 0.026205 0.063913
2 0.707241 0.725336 0.037124 0.062275
2 0.474013 0.80195 0.030136 0.071288
2 0.474886 0.910521 0.037998 0.055719
1 0.411338 0.368895 0.016597 0.022943
4 0.384041 0.392248 0.010045 0.025402
1 0.637797 0.364389 0.021401 0.031957
11 0.30608 0.369305 0.021838 0.022124
11 0.336653 0.369305 0.021838 0.018846
11 0.303459 0.544657 0.027079 0.030318
11 0.336653 0.546706 0.024458 0.021304
1 0.406097 0.549984 0.028826 0.029499
1 0.414396 0.723697 0.034941 0.024582
11 0.302804 0.723697 0.03101 0.02786
11 0.339273 0.723697 0.031447 0.026221
11 0.663566 0.367666 0.014413 0.030318
11 0.68584 0.369305 0.017907 0.023763
1 0.630809 0.765896 0.027516 0.025402
11 0.661382 0.765077 0.013539 0.023763
11 0.686932 0.767126 0.026205 0.018027
4 0.547607 0.795395 0.013103 0.02704
14 0.429245 0.973206 0.021838 0.02704
14 0.518562 0.972796 0.021401 0.026221
1 0.634303 0.549164 0.021401 0.029499
11 0.660508 0.549574 0.013539 0.020485
11 0.686714 0.549984 0.023148 0.022943