2 0.143382 0.092422 0.026222 0.051203
2 0.182059 0.093446 0.024911 0.057348
2 0.231007 0.095494 0.024037 0.0553
2 0.268591 0.114439 0.027533 0.048131
2 0.304428 0.112391 0.023163 0.046083
2 0.208281 0.299283 0.022289 0.049155
2 0.205659 0.781618 0.025785 0.0553
6 0.209155 0.403738 0.018792 0.028674
6 0.284762 0.40425 0.018792 0.02765
6 0.283887 0.875832 0.01617 0.036866
6 0.21134 0.875832 0.01617 0.03277
2 0.142726 0.568612 0.026659 0.051203
2 0.18337 0.568612 0.021415 0.051203
2 0.230351 0.572709 0.019229 0.047107
2 0.270995 0.597286 0.0236 0.053251
2 0.303772 0.599334 0.024474 0.051203
5 0.247395 0.875832 0.029718 0.069636
5 0.246521 0.399642 0.02797 0.063492