2 0.367675 0.21124 0.029308 0.057838
2 0.39917 0.212966 0.029308 0.057838
2 0.397202 0.275552 0.032371 0.051796
11 0.357395 0.311378 0.016623 0.021581
11 0.38211 0.313536 0.021435 0.025898
1 0.440071 0.315262 0.020997 0.024171
4 0.418636 0.335117 0.014873 0.031077
2 0.365487 0.365763 0.033683 0.052659
2 0.400701 0.36749 0.031496 0.054385
2 0.396108 0.429644 0.030183 0.059565
11 0.356301 0.467628 0.016185 0.025035
11 0.379485 0.471081 0.01881 0.023308
1 0.439633 0.468491 0.017498 0.025035
7 0.538057 0.364468 0.166227 0.252072
4 0.539151 0.165055 0.009186 0.027624
2 0.66054 0.221167 0.029746 0.055249
2 0.694004 0.217714 0.030183 0.050069
2 0.688755 0.28807 0.025809 0.054385
1 0.631013 0.321737 0.014436 0.025035
11 0.653541 0.323032 0.014873 0.020718
11 0.673882 0.323895 0.016185 0.018992
2 0.661853 0.366626 0.031496 0.063018
2 0.693567 0.371374 0.024059 0.051796
2 0.691599 0.432234 0.025371 0.052659
1 0.632982 0.465901 0.015748 0.026761
11 0.652885 0.469354 0.012686 0.023308
11 0.677382 0.470649 0.023184 0.025898
2 0.660759 0.548343 0.031933 0.062155
2 0.694661 0.550069 0.027121 0.055249
2 0.689411 0.615677 0.028871 0.062155
1 0.62467 0.648912 0.027121 0.031941
11 0.651135 0.652365 0.016185 0.026761
11 0.674757 0.654523 0.024934 0.031077
2 0.497813 0.682579 0.028871 0.057838
2 0.499563 0.77538 0.027121 0.055249
14 0.460412 0.835376 0.017935 0.031941
14 0.531933 0.83365 0.023622 0.031941
4 0.558617 0.683874 0.012248 0.018992
11 0.358707 0.638553 0.015748 0.021581
11 0.382766 0.638553 0.020122 0.025035
2 0.367237 0.539278 0.032808 0.050932
2 0.401576 0.538847 0.03587 0.055249
2 0.398514 0.600138 0.030621 0.053522
1 0.443789 0.6351 0.021435 0.033667
20 0.104555 0.621288 0.022747 0.099275
20 0.17367 0.512949 0.029746 0.081146
20 0.966529 0.649776 0.029308 0.114814