3 0.825375 0.219459 0.01276 0.022133
33 0.889175 0.212265 0.020416 0.045374
3 0.952336 0.217799 0.014036 0.021027
3 0.890132 0.291946 0.018502 0.027667
2 0.875777 0.165232 0.030624 0.04648
2 0.915651 0.150292 0.027434 0.045374
2 0.959354 0.150292 0.029348 0.045374
7 0.915651 0.149738 0.03509 0.05976
7 0.959992 0.148632 0.038279 0.057547
1 0.383567 0.354473 0.008294 0.01992
1 0.456617 0.335659 0.007656 0.01992
1 0.456298 0.399293 0.010846 0.021027
2 0.481817 0.335106 0.027434 0.040947
4 0.329975 0.744575 0.013398 0.02324
8 0.312112 0.746788 0.01595 0.021027
6 0.29361 0.745681 0.014674 0.021027
2 0.282445 0.686474 0.028072 0.048694
17 0.222155 0.747341 0.014674 0.022133
4 0.204291 0.744021 0.01595 0.024347
1 0.18866 0.743468 0.008932 0.018813
1 0.116567 0.788288 0.011484 0.015493
1 0.116567 0.726314 0.008932 0.01992
2 0.092005 0.723548 0.023606 0.040947
4 0.182918 0.950969 0.022968 0.024347
7 0.91597 0.081125 0.028072 0.048694
20 0.498405 0.910575 0.021054 0.018813
6 0.498405 0.873502 0.012122 0.022133
7 0.260753 0.716354 0.01276 0.015493
6 0.857594 0.220012 0.008294 0.0166
6 0.920117 0.217799 0.008294 0.014387