4 0.313931 0.236382 0.016391 0.037025
2 0.362497 0.166775 0.026104 0.063683
2 0.36189 0.080137 0.026104 0.065164
7 0.362497 0.080137 0.035817 0.082936
4 0.437168 0.283774 0.009106 0.034063
9 0.437471 0.316356 0.009713 0.031101
4 0.438382 0.350419 0.01032 0.034063
1 0.519426 0.261559 0.008499 0.031101
1 0.595007 0.2623 0.009106 0.038506
12 0.581652 0.462975 0.016391 0.037025
2 0.628093 0.400773 0.026711 0.060721
7 0.62779 0.402995 0.033389 0.082936
2 0.662089 0.400033 0.024283 0.05924
2 0.697603 0.400773 0.02489 0.057759
2 0.734635 0.400033 0.023676 0.062202
7 0.663 0.400033 0.033389 0.082936
7 0.698514 0.398552 0.033996 0.085898
7 0.736153 0.397811 0.033996 0.087379
7 0.628093 0.313394 0.032782 0.066645
1 0.483002 0.285255 0.009713 0.025177
1 0.461451 0.423729 0.009106 0.020734