2 0.201949 0.377325 0.074437 0.104704
2 0.198923 0.513283 0.061123 0.098453
2 0.478214 0.142132 0.036311 0.090639
2 0.523602 0.146038 0.0351 0.085951
2 0.565662 0.146038 0.032075 0.101578
2 0.608327 0.145257 0.037521 0.087514
2 0.666425 0.147601 0.037521 0.107829
2 0.626483 0.334349 0.03389 0.078137
2 0.777475 0.308564 0.065965 0.104704
7 0.242798 0.828958 0.2336 0.329739
28 0.560215 0.501563 0.029654 0.071886
28 0.853123 0.511721 0.041757 0.0797
5 0.675805 0.499219 0.046599 0.120331
1 0.638284 0.497656 0.01755 0.039069
1 0.713023 0.497656 0.014524 0.04532