2 0.203944 0.348189 0.081483 0.113441
2 0.197606 0.494995 0.066394 0.090086
2 0.474046 0.155506 0.035008 0.091754
2 0.519315 0.151335 0.035008 0.096759
2 0.561263 0.154672 0.03199 0.100095
2 0.602307 0.15217 0.039233 0.101763
2 0.656931 0.150501 0.032593 0.1051
2 0.617698 0.346521 0.030179 0.090086
2 0.76135 0.318995 0.061565 0.1051
28 0.838609 0.526692 0.027765 0.056721
28 0.551003 0.521687 0.029575 0.053384
5 0.667795 0.518351 0.051908 0.140133
7 0.240961 0.822077 0.227946 0.350541
1 0.631882 0.521687 0.011468 0.043375
1 0.701596 0.519185 0.010864 0.045043