2 0.121594 0.252238 0.03259 0.132467
2 0.165651 0.257145 0.035004 0.12756
2 0.204578 0.251012 0.034401 0.13492
2 0.244712 0.253465 0.035004 0.13492
2 0.300537 0.254692 0.034401 0.122654
2 0.263421 0.539249 0.028969 0.117748
2 0.763134 0.260824 0.06518 0.179075
2 0.853058 0.287808 0.066387 0.169263
2 0.922463 0.292714 0.063973 0.159451
2 0.764643 0.493867 0.060955 0.13492
2 0.847928 0.517172 0.057334 0.142279
2 0.921859 0.517172 0.059145 0.142279
2 0.408265 0.488961 0.06518 0.130013
5 0.3114 0.778425 0.047678 0.183981
28 0.196732 0.782105 0.036815 0.107936
28 0.479782 0.793144 0.038022 0.105483
1 0.275189 0.774745 0.011467 0.049062
1 0.345499 0.778425 0.010863 0.061327