2 0.110648 0.263101 0.026643 0.116508
2 0.148493 0.261806 0.034515 0.129453
2 0.187852 0.268279 0.030882 0.13722
2 0.223578 0.266984 0.027249 0.134631
2 0.276864 0.263101 0.041781 0.13722
2 0.369509 0.490938 0.066002 0.157933
2 0.697401 0.276046 0.062975 0.152755
2 0.701337 0.503884 0.057525 0.13722
2 0.782175 0.522007 0.055708 0.142399
2 0.846663 0.515534 0.055103 0.129453
2 0.783386 0.299348 0.059341 0.147577
2 0.847571 0.298053 0.060552 0.155344
2 0.238716 0.534952 0.030882 0.132042
28 0.177255 0.787386 0.037543 0.139809
28 0.437934 0.789975 0.034515 0.098384
5 0.283222 0.779619 0.039965 0.196769
1 0.251432 0.773146 0.011505 0.05437
1 0.31592 0.774441 0.009688 0.056959