11 0.501244 0.224873 0.01866 0.027625
11 0.52208 0.225246 0.024257 0.031358
11 0.559088 0.269296 0.01866 0.022398
11 0.57526 0.265936 0.016172 0.021652
11 0.503732 0.305507 0.019903 0.024638
11 0.521147 0.303267 0.022391 0.023145
11 0.557533 0.348811 0.019281 0.026131
11 0.577126 0.349184 0.013684 0.029865
11 0.494091 0.389128 0.01555 0.021652
11 0.514928 0.388754 0.019903 0.028371
11 0.566552 0.444751 0.016172 0.026878
11 0.583346 0.44587 0.016172 0.024638
11 0.493158 0.49552 0.017416 0.028371
11 0.519903 0.494774 0.016172 0.034344
11 0.564997 0.550396 0.014306 0.020159
11 0.582724 0.548157 0.017416 0.020159
11 0.502177 0.582128 0.024257 0.020905
11 0.523013 0.581754 0.013684 0.020159
11 0.560021 0.622818 0.019281 0.021652
11 0.575882 0.620205 0.016172 0.020905
11 0.501866 0.656416 0.013684 0.018665
11 0.520836 0.655296 0.019281 0.014932
11 0.557533 0.703826 0.014306 0.026878
11 0.574638 0.700093 0.01244 0.034344
7 0.542917 0.942742 0.09081 0.05077