11 0.52739 0.195756 0.018662 0.024518
11 0.550266 0.193156 0.017458 0.025261
11 0.588191 0.242191 0.01505 0.023775
11 0.603842 0.240334 0.01505 0.024518
11 0.527992 0.278968 0.016254 0.024518
11 0.549062 0.27934 0.017458 0.028233
11 0.588191 0.326146 0.017458 0.031204
11 0.604143 0.322432 0.01806 0.026747
11 0.519565 0.371839 0.027089 0.030462
11 0.547858 0.370724 0.018662 0.023775
11 0.596017 0.424961 0.01505 0.029719
11 0.609862 0.423475 0.023477 0.026747
11 0.522273 0.479568 0.015652 0.024518
11 0.546654 0.476597 0.016254 0.033433
11 0.595716 0.536405 0.016856 0.023775
11 0.612571 0.534176 0.020468 0.022289
11 0.529798 0.564266 0.013846 0.024518
11 0.550567 0.564638 0.016856 0.029719
11 0.587589 0.612559 0.01505 0.026004
11 0.602939 0.609959 0.015652 0.026747
11 0.526186 0.647107 0.012642 0.020803
11 0.547858 0.646735 0.016254 0.02006
11 0.586385 0.692799 0.012642 0.02749
11 0.601435 0.690199 0.012642 0.031204
7 0.571335 0.950236 0.087288 0.041606