3 0.391168 0.036204 0.023489 0.055379
3 0.398476 0.434238 0.019313 0.062301
3 0.420138 0.375398 0.020879 0.076146
3 0.813968 0.223107 0.019313 0.08999
3 0.805355 0.373667 0.021923 0.086529
4 0.374204 0.520767 0.009396 0.08999
4 0.40474 0.107158 0.008874 0.079607
4 0.643543 0.455005 0.009396 0.069223
4 0.728364 0.307905 0.012005 0.072684
4 0.79335 0.458466 0.008352 0.083068
7 0.420921 0.240413 0.029753 0.186903
7 0.50783 0.167728 0.027143 0.186903
7 0.541758 0.162536 0.030275 0.204209
7 0.432143 0.555379 0.032362 0.159214
2 0.419094 0.243874 0.017747 0.124602
2 0.432926 0.555379 0.016181 0.11768
2 0.474945 0.162536 0.024011 0.162675
2 0.508874 0.162536 0.016703 0.134985
2 0.539931 0.164267 0.020357 0.131524
2 0.574903 0.165998 0.023489 0.162675
2 0.615096 0.081199 0.027665 0.138447
2 0.768817 0.08293 0.024011 0.134985
2 0.795177 0.079468 0.025577 0.141908
10 0.63467 0.235221 0.019835 0.107296
10 0.632321 0.366745 0.018269 0.079607
10 0.742718 0.214454 0.012527 0.086529
10 0.741153 0.373667 0.016703 0.100374
7 0.688433 0.297522 0.052198 0.328811
1 0.656332 0.223107 0.008874 0.062301
1 0.656854 0.363284 0.008874 0.079607
1 0.718708 0.228298 0.007308 0.072684
1 0.718708 0.373667 0.007308 0.065762
1 0.442844 0.370206 0.00783 0.051917
1 0.463723 0.371937 0.00783 0.062301
1 0.453022 0.461927 0.008352 0.055379
11 0.4418 0.435968 0.00783 0.065762