4 0.221408 0.763373 0.014663 0.167415
4 0.259897 0.163128 0.013092 0.118416
4 0.744292 0.669457 0.008902 0.142915
9 0.729629 0.561249 0.017281 0.163332
3 0.250471 0.634749 0.02566 0.114332
3 0.276393 0.555125 0.028278 0.118416
3 0.773094 0.33871 0.022518 0.110249
3 0.760264 0.546958 0.032468 0.126582
3 0.321429 0.838914 0.013615 0.171499
1 0.576194 0.561249 0.00995 0.097999
1 0.577503 0.334626 0.01571 0.118416
1 0.65265 0.328501 0.010997 0.106166
1 0.653173 0.551041 0.010997 0.110249
4 0.664694 0.453042 0.00995 0.093916
4 0.557866 0.67354 0.00995 0.110249
3 0.243664 0.050837 0.026707 0.089833
1 0.306504 0.553083 0.00995 0.089833
1 0.333211 0.551041 0.010997 0.102082
1 0.321429 0.679665 0.013615 0.089833
10 0.545559 0.324418 0.026183 0.106166
10 0.545036 0.553083 0.020947 0.138832
10 0.683284 0.334626 0.021994 0.142915
10 0.684855 0.544916 0.019899 0.138832
7 0.614684 0.440792 0.061793 0.502246
7 0.389244 0.242752 0.032991 0.285831
7 0.430352 0.25296 0.036657 0.289914
2 0.470413 0.255002 0.029849 0.261331
2 0.430614 0.248877 0.022518 0.191915
2 0.38872 0.242752 0.023565 0.195998
2 0.348136 0.236627 0.030373 0.232748
2 0.524612 0.11617 0.032468 0.179665
2 0.719156 0.112087 0.035086 0.212332
2 0.7511 0.122295 0.034039 0.216415
2 0.279273 0.359126 0.024612 0.175582
7 0.279273 0.359126 0.044512 0.257248
7 0.293936 0.818497 0.036133 0.269498
2 0.293674 0.834831 0.023041 0.171499
11 0.307028 0.632707 0.010997 0.069416