3 0.239623 0.093806 0.024598 0.080095
3 0.27495 0.564838 0.026169 0.106793
3 0.250875 0.654468 0.025122 0.118235
3 0.319175 0.843263 0.014131 0.160189
3 0.77634 0.37223 0.026169 0.110607
3 0.766396 0.568653 0.025122 0.122049
4 0.259511 0.215855 0.015178 0.164003
4 0.217903 0.765075 0.015701 0.102979
4 0.561234 0.688794 0.009421 0.118235
4 0.748863 0.692608 0.012038 0.118235
4 0.669049 0.48093 0.011514 0.114421
7 0.276521 0.393207 0.034542 0.23647
7 0.38669 0.286414 0.032972 0.251726
7 0.430915 0.288321 0.035589 0.240284
7 0.29196 0.833727 0.035066 0.247912
7 0.615665 0.479023 0.062805 0.499638
2 0.277829 0.402742 0.024598 0.171631
2 0.291175 0.835634 0.026169 0.175445
2 0.345606 0.290228 0.031402 0.228842
2 0.386952 0.276879 0.026169 0.202143
2 0.431962 0.29595 0.027215 0.202143
2 0.475663 0.290228 0.032972 0.221214
2 0.52643 0.139574 0.031926 0.225028
2 0.720601 0.147202 0.032972 0.194515
2 0.755667 0.141481 0.025645 0.213586
9 0.735517 0.564838 0.018841 0.137305
10 0.545795 0.366509 0.019365 0.129677
10 0.546057 0.568653 0.017795 0.129677
10 0.683965 0.385579 0.017271 0.137305
10 0.685797 0.587723 0.023028 0.122049
1 0.304259 0.572467 0.009421 0.083909
1 0.333306 0.57056 0.010991 0.095351
1 0.318652 0.696422 0.013084 0.072467
1 0.577459 0.374137 0.009421 0.106793
1 0.577982 0.574374 0.008374 0.110607
1 0.654918 0.366509 0.009421 0.083909
1 0.654918 0.572467 0.011514 0.106793
11 0.305044 0.66591 0.010991 0.095351