3 0.240785 0.053747 0.024538 0.106157
3 0.250444 0.649406 0.022972 0.102225
3 0.278636 0.545215 0.024016 0.074703
3 0.318576 0.824369 0.013052 0.169065
3 0.777749 0.346662 0.026104 0.117952
3 0.766263 0.55701 0.02506 0.098294
4 0.258797 0.181529 0.011486 0.125816
4 0.219119 0.765393 0.013574 0.121884
4 0.561345 0.669065 0.010964 0.117952
4 0.670199 0.468546 0.009398 0.110089
4 0.749034 0.669065 0.010442 0.110089
7 0.279419 0.374184 0.041245 0.243768
7 0.292994 0.828301 0.03498 0.2477
7 0.38984 0.264095 0.03759 0.267359
7 0.430824 0.268027 0.032891 0.290949
7 0.616425 0.460683 0.061606 0.511127
2 0.275765 0.378116 0.025582 0.172997
2 0.292733 0.826335 0.02506 0.196587
2 0.346507 0.266061 0.030281 0.231973
2 0.387752 0.2523 0.021928 0.188724
2 0.430563 0.256232 0.02506 0.196587
2 0.47233 0.250334 0.030281 0.224109
2 0.527932 0.114689 0.032891 0.220178
2 0.721886 0.126484 0.032369 0.235905
2 0.75556 0.134348 0.029759 0.235905
1 0.306307 0.539317 0.009398 0.078635
11 0.305524 0.637611 0.010964 0.078635
1 0.333194 0.562908 0.00992 0.078635
1 0.320664 0.682826 0.012008 0.058976
1 0.577268 0.344696 0.010442 0.09043
1 0.577268 0.558976 0.010442 0.117952
1 0.657147 0.340764 0.009398 0.106157
1 0.655842 0.562908 0.008875 0.086498
10 0.687428 0.34273 0.020883 0.133679
10 0.687167 0.560942 0.017229 0.106157
10 0.548554 0.338798 0.021928 0.110089
10 0.548554 0.551113 0.020883 0.141543
9 0.734416 0.551113 0.018795 0.133679