3 0.242908 0.041227 0.02778 0.062846
3 0.25077 0.652924 0.02778 0.104743
3 0.276191 0.567035 0.024111 0.108932
3 0.320481 0.85822 0.013104 0.163399
3 0.77465 0.334506 0.024111 0.113122
3 0.765216 0.550277 0.025159 0.117312
4 0.259681 0.164823 0.013104 0.125691
4 0.21775 0.776521 0.012055 0.125691
4 0.558704 0.690632 0.012579 0.129881
4 0.667725 0.468577 0.012579 0.121502
4 0.746609 0.686442 0.00891 0.121502
9 0.73036 0.552371 0.017297 0.180158
2 0.719353 0.108262 0.033021 0.205296
2 0.754471 0.116642 0.026731 0.205296
2 0.524897 0.114547 0.031973 0.209486
2 0.471958 0.244428 0.028828 0.251383
2 0.346426 0.250712 0.029352 0.230434
2 0.276453 0.36174 0.022538 0.167588
2 0.386523 0.246523 0.023586 0.180158
2 0.430027 0.240238 0.022538 0.192727
2 0.79352 0.110357 0.020966 0.184347
7 0.387572 0.242333 0.037214 0.322608
7 0.428193 0.250712 0.038787 0.322608
7 0.79483 0.129211 0.040359 0.238813
7 0.290867 0.845651 0.037738 0.280711
7 0.27855 0.370119 0.033021 0.276521
2 0.288509 0.851936 0.024635 0.192727
1 0.304757 0.543992 0.00891 0.079604
1 0.321268 0.703201 0.013628 0.079604
1 0.331488 0.560751 0.00891 0.121502
1 0.578097 0.330317 0.011531 0.113122
1 0.578359 0.539802 0.009959 0.129881
1 0.653312 0.338696 0.013104 0.129881
1 0.65567 0.57751 0.011531 0.121502
10 0.546649 0.326127 0.020966 0.155019
10 0.546124 0.560751 0.023062 0.163399
10 0.685546 0.338696 0.024111 0.171778
10 0.685808 0.543992 0.022538 0.121502
11 0.305543 0.659209 0.009435 0.092174