20 0.841871 0.495165 0.045583 0.041094
20 0.93242 0.591253 0.051743 0.032634
7 0.49384 0.145866 0.118269 0.103944
7 0.609645 0.14647 0.098557 0.114822
7 0.72237 0.14647 0.112109 0.126908
2 0.494456 0.14647 0.077614 0.07131
2 0.607797 0.143449 0.072686 0.074936
2 0.720522 0.148887 0.08131 0.068893
2 0.495688 0.303595 0.102253 0.093066
2 0.610261 0.301782 0.099789 0.091857
2 0.724834 0.303595 0.112109 0.093066
2 0.252375 0.334415 0.101021 0.094275
2 0.253607 0.701844 0.093629 0.096692
4 0.467969 0.851113 0.044351 0.068893
15 0.468585 0.90248 0.050511 0.031425
4 0.472281 0.479453 0.045583 0.065267
15 0.467353 0.532029 0.052975 0.035051
34 0.414378 0.793097 0.06283 0.037468
34 0.414378 0.425064 0.065294 0.041094
33 0.341076 0.755025 0.05667 0.137786
33 0.33738 0.38397 0.064062 0.142621