3 0.239376 0.034946 0.023891 0.069892
3 0.246359 0.619934 0.025599 0.115798
3 0.275092 0.543424 0.028734 0.09512
3 0.316887 0.834988 0.015151 0.19024
3 0.769053 0.334574 0.025077 0.099256
3 0.759911 0.54756 0.023509 0.111663
4 0.255501 0.150538 0.011494 0.128205
4 0.215796 0.762614 0.011494 0.128205
4 0.742148 0.679901 0.010971 0.144748
4 0.557729 0.673697 0.013061 0.115798
4 0.661693 0.458644 0.009926 0.107527
4 0.778457 0.702647 0.015673 0.198511
9 0.728303 0.549628 0.020897 0.157155
7 0.274048 0.365591 0.038138 0.28536
7 0.385587 0.241522 0.039705 0.318445
7 0.425814 0.241522 0.04075 0.293631
7 0.612062 0.448304 0.065304 0.500414
7 0.290243 0.830852 0.038138 0.25641
2 0.27457 0.35732 0.02142 0.169562
2 0.288153 0.839123 0.023509 0.181969
2 0.342486 0.239454 0.033958 0.248139
2 0.384281 0.24359 0.022465 0.181969
2 0.426859 0.247725 0.024032 0.19024
2 0.467087 0.245658 0.031346 0.260546
2 0.520897 0.113317 0.030301 0.186104
2 0.714198 0.11952 0.030301 0.19024
2 0.748939 0.113317 0.031868 0.194376
1 0.303304 0.549628 0.009926 0.074442
1 0.329948 0.551696 0.009926 0.078577
1 0.31532 0.684036 0.012016 0.078577
1 0.571573 0.324235 0.010449 0.128205
1 0.573141 0.545492 0.011494 0.115798
1 0.6502 0.340778 0.009926 0.111663
1 0.651506 0.551696 0.011494 0.111663
10 0.541795 0.326303 0.022987 0.140612
10 0.54284 0.539289 0.024032 0.111663
10 0.679978 0.324235 0.020375 0.153019
10 0.682068 0.54756 0.020375 0.119934
11 0.300953 0.64268 0.011494 0.086849