3 0.242351 0.048496 0.028715 0.072563
3 0.250444 0.661251 0.022972 0.120938
3 0.276809 0.560469 0.025582 0.104813
3 0.319359 0.850722 0.015663 0.177376
3 0.777488 0.352858 0.025582 0.100782
3 0.764436 0.550391 0.024538 0.116907
4 0.218075 0.76808 0.010442 0.133032
4 0.257753 0.177497 0.013574 0.137064
4 0.750078 0.681408 0.011486 0.112876
4 0.56265 0.687455 0.013574 0.116907
4 0.668894 0.471781 0.013052 0.137064
7 0.276809 0.377046 0.037068 0.253971
7 0.387752 0.260139 0.032369 0.278159
7 0.431346 0.254092 0.037068 0.266065
7 0.291166 0.830565 0.038634 0.266065
7 0.616425 0.45364 0.060562 0.487785
2 0.277853 0.37503 0.026626 0.177376
2 0.292733 0.834596 0.024016 0.193502
2 0.345724 0.258123 0.031847 0.241877
2 0.388013 0.254092 0.023494 0.185439
2 0.430824 0.260139 0.023494 0.205595
2 0.472068 0.256107 0.028715 0.237846
2 0.525321 0.112997 0.029759 0.201564
2 0.721364 0.133153 0.030281 0.233814
2 0.75556 0.133153 0.028715 0.241877
1 0.305002 0.558454 0.008875 0.068532
1 0.320403 0.697533 0.01253 0.072563
1 0.335021 0.566516 0.011486 0.100782
1 0.578313 0.566516 0.009398 0.108845
1 0.577268 0.352858 0.010442 0.084657
1 0.65532 0.360921 0.010964 0.116907
1 0.65532 0.556438 0.00992 0.112876
9 0.734677 0.568532 0.016185 0.193502
10 0.546727 0.336733 0.021405 0.108845
10 0.545421 0.558454 0.02506 0.116907
10 0.688211 0.346811 0.024538 0.185439
10 0.68795 0.572563 0.021928 0.145126
11 0.305002 0.647142 0.00992 0.076594