3 0.236699 0.05904 0.025624 0.097991
3 0.24585 0.655153 0.025101 0.114323
3 0.27252 0.567369 0.026147 0.102074
3 0.316186 0.85726 0.014119 0.167402
3 0.77376 0.355055 0.024578 0.118406
3 0.762255 0.56941 0.023532 0.114323
4 0.25474 0.187653 0.013596 0.142904
4 0.212382 0.791932 0.014642 0.134738
4 0.666295 0.471419 0.012551 0.114323
4 0.556739 0.704148 0.012028 0.122489
4 0.744475 0.695982 0.010982 0.138821
9 0.732186 0.579618 0.019872 0.15107
7 0.27252 0.385677 0.034514 0.269476
7 0.38443 0.263188 0.034514 0.277642
7 0.426527 0.267271 0.035037 0.26131
7 0.287424 0.847052 0.038175 0.277642
7 0.612694 0.461212 0.061184 0.559366
2 0.27069 0.383635 0.025624 0.208231
2 0.287947 0.845011 0.028762 0.191899
2 0.342072 0.271354 0.029285 0.236812
2 0.383384 0.259105 0.021964 0.195982
2 0.426004 0.246856 0.023532 0.212314
2 0.467839 0.263188 0.029808 0.253144
2 0.522225 0.110077 0.031899 0.216397
2 0.718328 0.124367 0.028762 0.195982
2 0.750489 0.126409 0.028239 0.216397
1 0.301544 0.56941 0.00889 0.065327
1 0.315663 0.704148 0.013074 0.081659
1 0.328998 0.571452 0.011505 0.11024
1 0.575304 0.363221 0.014642 0.11024
1 0.574258 0.577576 0.011505 0.122489
1 0.651914 0.373428 0.012028 0.122489
1 0.650346 0.56941 0.012028 0.130655
10 0.544189 0.361179 0.021441 0.155153
10 0.543927 0.575535 0.024055 0.126572
10 0.682768 0.34893 0.022486 0.130655
10 0.685121 0.571452 0.020918 0.134738
11 0.301021 0.667402 0.012028 0.089825