20 0.008147 0.366936 0.014651 0.102903
20 0.036664 0.581612 0.021453 0.099354
3 0.241254 0.145164 0.026686 0.134838
3 0.250934 0.689837 0.024069 0.088709
3 0.275265 0.613548 0.0225 0.092257
3 0.318433 0.842417 0.012558 0.145483
4 0.258259 0.271131 0.012558 0.109999
7 0.276835 0.453871 0.034011 0.227095
2 0.276312 0.441452 0.020407 0.145483
7 0.292009 0.844191 0.035058 0.219999
2 0.290178 0.845966 0.019883 0.15258
2 0.343811 0.345646 0.029825 0.230644
7 0.386717 0.335001 0.032965 0.259031
2 0.386194 0.342098 0.021453 0.138386
7 0.426484 0.340324 0.036104 0.241289
2 0.426484 0.338549 0.020407 0.138386
2 0.467297 0.345646 0.032965 0.223547
2 0.51936 0.214357 0.032441 0.209353
2 0.711915 0.216131 0.031395 0.219999
2 0.744095 0.212582 0.026686 0.227095
3 0.766072 0.416613 0.027732 0.124193
3 0.757438 0.608225 0.024069 0.095806
20 0.979818 0.368711 0.012558 0.085161
4 0.554418 0.705805 0.010465 0.099354
4 0.661422 0.526613 0.009942 0.095806
10 0.540813 0.42371 0.027209 0.131289
10 0.538197 0.59758 0.030348 0.109999
10 0.678689 0.425484 0.023546 0.099354
10 0.680259 0.609999 0.0225 0.113548
1 0.5709 0.411291 0.013081 0.099354
1 0.571947 0.617096 0.015174 0.099354
1 0.647818 0.427259 0.013081 0.109999
1 0.647033 0.613548 0.013604 0.085161
7 0.610667 0.515968 0.060174 0.443546
9 0.723688 0.613548 0.01936 0.156128
1 0.317386 0.721773 0.014651 0.053225
1 0.303259 0.602903 0.010465 0.078064
1 0.329944 0.611773 0.013604 0.081612
4 0.741479 0.711128 0.012035 0.124193
4 0.216923 0.794514 0.015697 0.127741
11 0.30352 0.686289 0.008895 0.060322