3 0.241568 0.107894 0.028193 0.106771
3 0.250444 0.663838 0.02506 0.114134
3 0.278636 0.568112 0.024016 0.114134
3 0.319359 0.827676 0.016707 0.161997
3 0.777227 0.376661 0.027148 0.092044
3 0.767046 0.582839 0.024538 0.128861
4 0.218858 0.768768 0.014096 0.125179
4 0.669416 0.492637 0.014096 0.103089
4 0.750861 0.685928 0.010964 0.114134
9 0.737809 0.569953 0.019317 0.132543
4 0.260102 0.222028 0.014096 0.128861
7 0.278897 0.398752 0.037068 0.20986
7 0.389057 0.297504 0.037068 0.257722
7 0.431607 0.29014 0.034458 0.257722
7 0.617991 0.466864 0.06265 0.471264
7 0.292472 0.822153 0.037068 0.239314
2 0.278375 0.402434 0.023494 0.158315
2 0.292994 0.83688 0.023494 0.165679
2 0.346768 0.308549 0.030803 0.220905
2 0.390101 0.304867 0.02245 0.176724
2 0.430302 0.293822 0.02245 0.176724
2 0.473896 0.301186 0.031325 0.206178
2 0.526887 0.161279 0.030803 0.213541
2 0.721364 0.166802 0.029237 0.23195
2 0.754255 0.164961 0.030281 0.257722
1 0.306046 0.564431 0.00992 0.077317
1 0.319359 0.702496 0.016707 0.073635
1 0.33476 0.575476 0.010964 0.099407
1 0.577007 0.380343 0.012008 0.106771
1 0.579357 0.573635 0.010442 0.110452
1 0.65793 0.363775 0.010964 0.088362
1 0.656103 0.564431 0.011486 0.106771
10 0.54751 0.391388 0.019839 0.136225
10 0.547249 0.566271 0.02245 0.132543
10 0.685601 0.385866 0.021405 0.139906
10 0.688472 0.601248 0.019839 0.128861
4 0.563172 0.693292 0.017751 0.106771
11 0.306568 0.652793 0.008875 0.06259