3 0.271809 0.088939 0.01723 0.107233
4 0.244196 0.763209 0.015021 0.123481
3 0.280424 0.667349 0.021207 0.081237
3 0.305827 0.581237 0.018998 0.077988
2 0.305165 0.392767 0.030926 0.233964
2 0.375853 0.280659 0.03181 0.217716
2 0.420034 0.295282 0.030043 0.246962
2 0.460017 0.287158 0.035786 0.289205
2 0.503534 0.295282 0.020323 0.266459
2 0.321511 0.849321 0.034461 0.243712
3 0.348461 0.85257 0.013254 0.159225
2 0.552796 0.145805 0.034019 0.227465
10 0.575548 0.376519 0.017672 0.084487
10 0.57599 0.576363 0.016789 0.120231
1 0.607358 0.391142 0.016789 0.146227
1 0.609346 0.581237 0.015463 0.162475
4 0.590349 0.688471 0.009278 0.103984
1 0.682244 0.371645 0.018998 0.146227
1 0.685116 0.590986 0.014138 0.116982
10 0.714496 0.366771 0.022532 0.175473
4 0.697928 0.475629 0.010603 0.100734
10 0.716925 0.571489 0.020323 0.175473
2 0.752932 0.150679 0.022532 0.276207
2 0.783196 0.142555 0.033577 0.214467
3 0.806612 0.378144 0.029159 0.074738
3 0.796671 0.581237 0.023416 0.097485
4 0.779441 0.686846 0.011929 0.087736
7 0.73769 0.781081 0.034461 0.25671
4 0.289039 0.205921 0.012812 0.094235