4 0.229019 0.549432 0.004244 0.060416
2 0.237671 0.663399 0.016976 0.118086
2 0.272277 0.601609 0.012406 0.109848
2 0.294314 0.593371 0.013385 0.126325
2 0.314065 0.596117 0.016976 0.131817
2 0.337408 0.605729 0.014691 0.107102
2 0.363525 0.523343 0.012079 0.151041
4 0.207189 0.881632 0.004729 0.067127
2 0.246056 0.918925 0.015074 0.126796
10 0.374623 0.653555 0.007422 0.084371
10 0.372517 0.760707 0.011234 0.062435
4 0.381644 0.829047 0.005015 0.057372
11 0.389067 0.645962 0.007824 0.069184
11 0.39027 0.767456 0.005817 0.05231
11 0.428686 0.6409 0.006419 0.072559
11 0.428786 0.763238 0.00662 0.064122
4 0.436409 0.713459 0.003811 0.072559
10 0.444935 0.764082 0.007623 0.075934
10 0.445336 0.654399 0.01003 0.086059