3 0.242915 0.064826 0.018945 0.082533
4 0.256133 0.181122 0.006609 0.090036
2 0.271994 0.374325 0.026876 0.221339
3 0.249304 0.659439 0.01498 0.063776
3 0.273316 0.560024 0.015421 0.082533
4 0.222208 0.779487 0.004846 0.146309
2 0.286313 0.835759 0.022911 0.251351
3 0.310987 0.822629 0.010574 0.15006
2 0.333236 0.267407 0.026876 0.217587
2 0.372669 0.278661 0.026435 0.232593
2 0.406815 0.284289 0.025114 0.258854
2 0.444926 0.282413 0.02203 0.247599
2 0.49251 0.141732 0.022911 0.213836
10 0.509913 0.338685 0.017183 0.112545
10 0.509473 0.57503 0.018945 0.112545
4 0.52269 0.693202 0.011015 0.116297
1 0.535688 0.353691 0.013218 0.187575
1 0.535247 0.584409 0.017624 0.146309
1 0.603098 0.34994 0.011455 0.097539
1 0.6042 0.565651 0.012777 0.138806
10 0.631076 0.333058 0.021589 0.168818
4 0.616316 0.469988 0.007931 0.15006
10 0.631516 0.57503 0.020708 0.135054
2 0.662358 0.147359 0.023351 0.22509
2 0.689674 0.160489 0.023351 0.243848
3 0.712585 0.361194 0.021589 0.135054
3 0.70113 0.546894 0.018945 0.101291
4 0.687692 0.676321 0.010574 0.120048
7 0.653105 0.771984 0.026876 0.191327