3 0.254267 0.058102 0.024243 0.104857
4 0.275204 0.179811 0.008816 0.093622
3 0.26727 0.657286 0.019394 0.104857
4 0.236195 0.797719 0.011901 0.093622
3 0.292614 0.586133 0.02248 0.097367
2 0.35256 0.269689 0.025124 0.1835
2 0.394213 0.249092 0.024684 0.224694
2 0.430578 0.262199 0.028651 0.303337
2 0.47157 0.277179 0.025124 0.288357
2 0.303193 0.863255 0.027769 0.224694
3 0.331844 0.872617 0.013664 0.1835
10 0.538348 0.357694 0.023802 0.179755
2 0.524904 0.119893 0.03394 0.1835
10 0.537686 0.574898 0.02248 0.127327
4 0.553775 0.681628 0.012342 0.123582
1 0.569643 0.374546 0.013223 0.1835
1 0.571847 0.565536 0.012342 0.153541
1 0.637082 0.363311 0.020276 0.153541
1 0.639506 0.59175 0.01719 0.138561
10 0.66992 0.346459 0.02248 0.134816
10 0.669038 0.554301 0.018072 0.161031
7 0.693942 0.784612 0.02821 0.239673
2 0.703419 0.121765 0.029532 0.187245
2 0.734053 0.110531 0.024684 0.187245
3 0.743309 0.567408 0.027328 0.187245
3 0.75543 0.352077 0.026887 0.056173
4 0.729425 0.705969 0.010138 0.134816