4 0.255052 0.183794 0.010498 0.118577
2 0.272767 0.389657 0.031056 0.214097
2 0.288951 0.839262 0.030181 0.204216
4 0.21328 0.773386 0.009186 0.105402
2 0.342533 0.277668 0.028869 0.200922
2 0.387149 0.285903 0.028869 0.184453
2 0.428921 0.26614 0.036305 0.204216
2 0.472006 0.274374 0.031493 0.247036
2 0.526901 0.116271 0.029306 0.167984
10 0.54549 0.369895 0.027119 0.121871
10 0.547459 0.587286 0.021433 0.135046
4 0.563861 0.709157 0.013122 0.09552
11 0.578077 0.575758 0.015309 0.118577
11 0.581139 0.371542 0.015309 0.098814
11 0.657029 0.360013 0.013997 0.115283
11 0.65856 0.59058 0.010935 0.088933
4 0.674307 0.480237 0.008311 0.131752
10 0.689179 0.38307 0.023183 0.128458
10 0.691366 0.580698 0.020558 0.108696
2 0.725702 0.131094 0.024495 0.177866
2 0.758945 0.149209 0.027994 0.200922
4 0.754352 0.694335 0.01356 0.098814