4 0.278084 0.209384 0.006122 0.112045
4 0.24026 0.783613 0.006559 0.098039
2 0.293826 0.417717 0.026236 0.234594
2 0.356574 0.291667 0.02405 0.213585
2 0.397241 0.30042 0.029297 0.189076
2 0.308776 0.851366 0.030774 0.282563
2 0.437689 0.286415 0.023613 0.231092
2 0.476387 0.298669 0.024925 0.227591
2 0.52558 0.155112 0.026236 0.227591
10 0.543946 0.393207 0.021864 0.115546
10 0.543509 0.585784 0.020115 0.136555
4 0.561 0.701331 0.008745 0.108543
3 0.260812 0.093838 0.021426 0.119048
3 0.269776 0.673319 0.018365 0.080532
3 0.294919 0.598039 0.020552 0.098039
3 0.333399 0.853641 0.009183 0.147059
1 0.572587 0.382703 0.016179 0.129552
1 0.576086 0.577031 0.01443 0.119048
1 0.648673 0.365196 0.010057 0.171569
1 0.648892 0.594538 0.008745 0.070028
4 0.660479 0.494748 0.00481 0.094538
10 0.677752 0.379202 0.018365 0.178571
10 0.677096 0.606793 0.015305 0.129552
2 0.707486 0.141106 0.030609 0.276611
2 0.740063 0.141106 0.030172 0.276611
3 0.758866 0.387955 0.026674 0.112045
3 0.750339 0.580532 0.025362 0.098039
4 0.736783 0.706583 0.010495 0.112045
7 0.698959 0.79937 0.026674 0.206583