3 0.257487 0.06044 0.022087 0.117739
4 0.275157 0.191915 0.005301 0.160911
2 0.289955 0.372449 0.020762 0.200157
3 0.288409 0.566719 0.021203 0.141287
3 0.266985 0.696232 0.018995 0.141287
4 0.238714 0.786499 0.009276 0.125589
2 0.300448 0.871743 0.026729 0.24113
3 0.327944 0.861068 0.01281 0.164835
2 0.345834 0.260597 0.030921 0.149137
2 0.386253 0.276295 0.03048 0.259027
2 0.425126 0.295918 0.041965 0.290424
2 0.463115 0.270408 0.029596 0.262951
2 0.50773 0.121272 0.035781 0.208006
10 0.525179 0.380298 0.025621 0.121664
10 0.524737 0.592229 0.017669 0.239403
4 0.540419 0.717818 0.011927 0.160911
1 0.554775 0.341052 0.015902 0.192308
1 0.554113 0.578493 0.011927 0.141287
1 0.618827 0.360675 0.016786 0.137363
1 0.621919 0.574568 0.015019 0.180534
10 0.649748 0.366562 0.02297 0.117739
4 0.632741 0.472527 0.01281 0.149137
10 0.649969 0.574568 0.024295 0.102041
7 0.671172 0.794349 0.032247 0.251177
4 0.704523 0.69427 0.010602 0.160911
3 0.717113 0.596154 0.019878 0.160911
3 0.730365 0.376374 0.020762 0.074568
2 0.679786 0.138932 0.02297 0.211931
2 0.709603 0.133046 0.021645 0.223705
2 0.747593 0.168367 0.03313 0.27865