4 0.26979 0.135273 0.006989 0.115895
2 0.288573 0.360245 0.028831 0.224972
2 0.302334 0.825527 0.035383 0.221563
4 0.229601 0.765876 0.010484 0.095443
2 0.357156 0.240941 0.033199 0.211337
2 0.401058 0.235828 0.030141 0.25565
2 0.445833 0.235828 0.028831 0.228381
2 0.489734 0.242646 0.024899 0.194294
2 0.545649 0.104595 0.03451 0.156799
2 0.741786 0.113117 0.036257 0.194294
2 0.778699 0.116525 0.028831 0.214746
10 0.563777 0.332975 0.018347 0.122712
10 0.562685 0.552834 0.016163 0.139755
4 0.579503 0.685772 0.008737 0.132938
11 0.594137 0.574991 0.013542 0.156799
11 0.596321 0.341497 0.012668 0.119303
11 0.673859 0.33468 0.011358 0.119303
11 0.675825 0.573286 0.012668 0.098851
4 0.687838 0.450574 0.00961 0.098851
10 0.704001 0.343201 0.023589 0.143164
10 0.707932 0.544313 0.013979 0.156799
4 0.771054 0.66532 0.0083 0.098851