4 0.267175 0.154653 0.012208 0.110217
4 0.227717 0.766358 0.017004 0.106543
2 0.284179 0.371413 0.027904 0.205739
2 0.297259 0.837999 0.03052 0.205739
2 0.345437 0.263033 0.027468 0.224108
2 0.387948 0.26487 0.031392 0.264521
2 0.42915 0.259359 0.027468 0.275543
2 0.466428 0.246501 0.028776 0.264521
2 0.517004 0.101381 0.03052 0.157978
2 0.696855 0.121588 0.033572 0.198391
2 0.730645 0.101381 0.029648 0.180021
10 0.538368 0.331 0.018312 0.088174
10 0.53706 0.553272 0.016568 0.135934
4 0.55123 0.69288 0.010028 0.113891
11 0.567362 0.556946 0.0109 0.121239
11 0.566054 0.340185 0.011772 0.172674
11 0.637776 0.343859 0.01308 0.106543
11 0.635814 0.56613 0.012644 0.110217
4 0.650003 0.453694 0.008955 0.085752
10 0.667507 0.561741 0.020353 0.082321
10 0.666082 0.359367 0.02076 0.130342
4 0.726531 0.673218 0.00977 0.126912