2 0.293606 0.298793 0.037045 0.242836
4 0.275745 0.125338 0.009261 0.07632
3 0.259648 0.033407 0.022933 0.045098
3 0.266043 0.586727 0.02161 0.104073
3 0.289637 0.51908 0.023815 0.093665
4 0.240023 0.675189 0.011907 0.093665
2 0.305293 0.772324 0.024256 0.232429
3 0.330872 0.754978 0.011907 0.149171
2 0.35204 0.205127 0.027784 0.242836
2 0.391952 0.224207 0.035281 0.218553
2 0.431864 0.203393 0.025138 0.211615
2 0.464719 0.206862 0.033517 0.239367
2 0.518302 0.102789 0.033958 0.156109
10 0.536163 0.3092 0.025579 0.090196
10 0.535501 0.520815 0.019846 0.131825
4 0.551157 0.619684 0.007938 0.142233
1 0.565049 0.515611 0.012789 0.121418
1 0.564608 0.310935 0.015435 0.121418
1 0.632965 0.29012 0.017199 0.093665
1 0.633186 0.513876 0.01764 0.15264
4 0.64818 0.408069 0.010584 0.086727
10 0.664057 0.300527 0.016758 0.163047
10 0.66538 0.505204 0.023815 0.107542
7 0.685225 0.696004 0.029989 0.260182
2 0.693825 0.102789 0.031312 0.183862
2 0.724916 0.097586 0.023815 0.187331
3 0.7441 0.323076 0.022492 0.117949
3 0.73969 0.508673 0.024256 0.121418
4 0.719404 0.607542 0.009261 0.131825
20 0.89647 0.572851 0.021169 0.30528