4 0.213325 0.238517 0.048328 0.030827
2 0.353368 0.070617 0.058214 0.060554
2 0.286367 0.068966 0.06041 0.057251
2 0.286367 0.163099 0.06041 0.058352
2 0.355015 0.163099 0.061509 0.060554
7 0.283621 0.068415 0.072492 0.071564
7 0.355564 0.068966 0.069197 0.088079
3 0.228703 0.749923 0.043935 0.027525
8 0.300646 0.751024 0.045033 0.027525
4 0.699903 0.750473 0.041738 0.028626
4 0.664756 0.823138 0.024164 0.048443
46 0.975045 0.239067 0.04064 0.025323
46 0.972848 0.751574 0.038443 0.02202
2 0.387966 0.677258 0.054919 0.058352
2 0.456614 0.676708 0.056017 0.057251
2 0.521967 0.677258 0.052722 0.05615
2 0.590066 0.678359 0.057115 0.058352
2 0.389065 0.580372 0.061509 0.060554
2 0.456065 0.582023 0.059312 0.061655
2 0.521418 0.581473 0.06041 0.058352
2 0.590066 0.582574 0.063705 0.062756
7 0.386868 0.577619 0.074689 0.072665
7 0.457713 0.580372 0.058214 0.075968
7 0.523615 0.581473 0.067001 0.071564
7 0.597755 0.583675 0.076886 0.07817