2 0.183052 0.280326 0.049835 0.056017
2 0.182554 0.379179 0.050831 0.056017
2 0.452657 0.430803 0.050831 0.06041
2 0.622593 0.278678 0.051828 0.054919
2 0.623091 0.380278 0.048838 0.056017
2 0.891201 0.430803 0.048838 0.056017
2 0.452159 0.350072 0.059801 0.059312
7 0.453156 0.350622 0.067775 0.073591
2 0.8917 0.350622 0.053821 0.06041
7 0.893195 0.350072 0.066778 0.074689
4 0.193518 0.330851 0.030897 0.016476
4 0.254814 0.329753 0.025914 0.016476
4 0.224913 0.354466 0.027907 0.015377
4 0.193019 0.429155 0.027907 0.015377
4 0.255811 0.429155 0.029901 0.015377
4 0.225412 0.451123 0.028904 0.01318
4 0.050991 0.743838 0.026911 0.020869
4 0.085377 0.768002 0.033887 0.012082
4 0.110792 0.744937 0.036878 0.018672
4 0.633058 0.429155 0.028904 0.017574
4 0.694355 0.428606 0.025914 0.014279
4 0.662461 0.452221 0.021927 0.017574
4 0.632062 0.329753 0.028904 0.018672
4 0.665451 0.352818 0.029901 0.016476
4 0.695351 0.329203 0.027907 0.017574
4 0.937547 0.736699 0.037874 0.015377
2 0.956983 0.618075 0.050831 0.059312
1 0.927082 0.54723 0.016944 0.020869
1 0.927082 0.681231 0.01495 0.018672
1 0.698342 0.54723 0.01794 0.016476
1 0.700335 0.681231 0.015947 0.018672
1 0.486545 0.549976 0.01495 0.026361
1 0.487043 0.683428 0.019934 0.025263
11 0.23787 0.532402 0.021927 0.017574
11 0.24086 0.709789 0.031894 0.020869
2 0.211956 0.618075 0.053821 0.057115
1 0.291193 0.480229 0.012957 0.020869
1 0.312124 0.472541 0.01495 0.020869
1 0.731232 0.482975 0.019934 0.019771
1 0.750668 0.468696 0.022924 0.019771
4 0.689371 0.515377 0.033887 0.020869
4 0.248834 0.51318 0.039868 0.025263
4 0.373919 0.829511 0.022924 0.036246
4 0.814954 0.827314 0.025914 0.04064
4 0.49701 0.73615 0.033887 0.020869
1 0.260296 0.745486 0.020931 0.021967
37 0.224415 0.31822 0.020931 0.039541
37 0.223418 0.417073 0.024917 0.039541
37 0.663956 0.41927 0.024917 0.039541
37 0.663956 0.319318 0.022924 0.043935
37 0.08438 0.736699 0.025914 0.037345
2 0.04202 0.694961 0.056811 0.057115
2 0.128733 0.617526 0.052825 0.058214
7 0.130726 0.618624 0.066778 0.069197
35 0.375414 0.629058 0.201332 0.333904
35 0.815951 0.634001 0.207312 0.319626
30 0.366443 0.431901 0.033887 0.051623
30 0.806981 0.438491 0.051828 0.062607