7 0.172177 0.646571 0.041392 0.053097
7 0.236335 0.620575 0.043875 0.058628
33 0.070767 0.580752 0.050498 0.038717
2 0.026892 0.524336 0.04222 0.045354
34 0.0985 0.471239 0.03808 0.040929
10 0.12913 0.472898 0.019868 0.033186
7 0.130372 0.579646 0.038908 0.051991
4 0.07946 0.519912 0.028146 0.021018
5 0.177144 0.511615 0.066227 0.163717
10 0.227642 0.440819 0.028146 0.026549
8 0.255375 0.442478 0.025663 0.02323
34 0.286419 0.442478 0.036425 0.036504
7 0.239232 0.554757 0.041392 0.048673
2 0.312495 0.375553 0.038908 0.048673
33 0.330294 0.304757 0.052981 0.048673
2 0.316221 0.248894 0.034769 0.049779
7 0.271518 0.302544 0.03808 0.053097
4 0.36796 0.381084 0.028974 0.019912
2 0.309598 0.523783 0.036425 0.050885
33 0.353059 0.580752 0.048842 0.040929
7 0.411422 0.580199 0.041392 0.05531
4 0.358854 0.518805 0.035597 0.02323
34 0.379136 0.470686 0.03808 0.035398
10 0.411836 0.472898 0.022352 0.030973
5 0.466473 0.513274 0.060432 0.162611
10 0.511176 0.440819 0.020696 0.022124
8 0.536425 0.441372 0.026491 0.029867
34 0.567882 0.441925 0.031458 0.033186
2 0.593545 0.377212 0.036425 0.054204
33 0.611344 0.304204 0.052154 0.043142
7 0.552981 0.303097 0.039736 0.047566
2 0.598512 0.248341 0.039736 0.050885
4 0.649424 0.380531 0.03063 0.021018
7 0.52111 0.551991 0.035597 0.047566
2 0.871698 0.524336 0.039736 0.051991
2 0.876251 0.377212 0.037253 0.049779
2 0.879148 0.249447 0.036425 0.048673
2 0.591062 0.525996 0.039736 0.050885
7 0.454055 0.646571 0.047187 0.059735
7 0.519454 0.623341 0.045531 0.053097
7 0.734277 0.646018 0.044703 0.058628
7 0.80216 0.621128 0.041392 0.05531
7 0.6933 0.579093 0.043875 0.057522
7 0.802574 0.55365 0.033941 0.050885
7 0.974763 0.577987 0.043875 0.059735
7 0.834859 0.303097 0.043875 0.056416
33 0.634523 0.581858 0.048842 0.038717
4 0.639076 0.521018 0.028146 0.02323
34 0.660186 0.472345 0.033941 0.040929
10 0.692886 0.474004 0.023179 0.035398
5 0.742556 0.515487 0.071194 0.162611
10 0.792226 0.441925 0.019868 0.024336
8 0.816233 0.443584 0.024835 0.027655
34 0.848519 0.442478 0.033113 0.034292
33 0.891152 0.304204 0.052154 0.040929
4 0.931716 0.383296 0.028974 0.022124
4 0.924266 0.520465 0.028974 0.022124
33 0.916815 0.579646 0.050498 0.038717
34 0.94165 0.472345 0.037253 0.034292
10 0.973936 0.470686 0.020696 0.030973
15 0.387828 0.379425 0.010762 0.025442
15 0.099742 0.517146 0.009106 0.026549
15 0.379964 0.518252 0.013245 0.030973
15 0.670534 0.379425 0.01159 0.027655
15 0.663084 0.521018 0.019868 0.03208
15 0.954481 0.378872 0.01159 0.030973
15 0.946617 0.51604 0.017385 0.035398
7 0.172591 0.701327 0.038908 0.049779
7 0.173833 0.752212 0.03808 0.049779
7 0.172177 0.802544 0.036425 0.048673
7 0.173005 0.853982 0.03808 0.047566
7 0.172591 0.903761 0.043875 0.045354
7 0.170522 0.952987 0.03808 0.050885
7 0.23799 0.676438 0.043875 0.04646
7 0.235507 0.726217 0.047187 0.048673
7 0.238404 0.778208 0.043047 0.04646
7 0.238404 0.829646 0.041392 0.054204
7 0.456125 0.700221 0.041392 0.051991
7 0.454883 0.751106 0.038908 0.054204
7 0.454055 0.80365 0.037253 0.05531
7 0.454469 0.852323 0.03808 0.04646
7 0.454883 0.902655 0.038908 0.049779
7 0.456125 0.952434 0.043047 0.054204
7 0.52111 0.676991 0.033941 0.051991
7 0.521524 0.72677 0.044703 0.049779
7 0.520696 0.777102 0.041392 0.04646
7 0.518626 0.829093 0.040564 0.048673
7 0.737175 0.701327 0.035597 0.047566
7 0.736761 0.748341 0.036425 0.044248
7 0.737175 0.800332 0.035597 0.053097
7 0.735933 0.850111 0.036425 0.050885
7 0.735933 0.902102 0.043047 0.050885
7 0.736347 0.952987 0.043875 0.048673
7 0.801746 0.674226 0.037253 0.048673
7 0.80216 0.725111 0.03808 0.04646
7 0.80216 0.776549 0.036425 0.051991
7 0.80216 0.82854 0.041392 0.051991
20 0.255375 0.022677 0.025663 0.019912