7 0.020055 0.63666 0.029206 0.049594
7 0.076843 0.614618 0.029855 0.04739
7 0.229686 0.637762 0.027908 0.049594
7 0.284852 0.616271 0.025312 0.046288
7 0.439642 0.637211 0.028557 0.046288
7 0.493185 0.614067 0.029206 0.050697
7 0.646353 0.637211 0.029206 0.050697
7 0.703141 0.61572 0.028557 0.049594
7 0.197235 0.572738 0.027908 0.04739
7 0.076843 0.54739 0.025961 0.038573
7 0.092095 0.311541 0.02661 0.049594
7 0.300428 0.311541 0.027908 0.04739
7 0.406218 0.572738 0.027908 0.04739
7 0.614875 0.573841 0.032451 0.051799
7 0.494483 0.54739 0.027908 0.042982
7 0.703466 0.546839 0.02661 0.04188
7 0.511033 0.313745 0.027259 0.04739
7 0.720016 0.312092 0.027259 0.046288
2 0.125844 0.261396 0.027908 0.044084
2 0.336124 0.260294 0.027908 0.044084
2 0.544457 0.261947 0.029206 0.042982
2 0.754089 0.262498 0.02661 0.044084
2 0.750195 0.383178 0.030504 0.045186
2 0.540563 0.383729 0.02661 0.048492
2 0.332879 0.381524 0.031802 0.046288
2 0.122599 0.382627 0.027908 0.048492
5 0.027518 0.516531 0.050623 0.188459
5 0.231308 0.51598 0.055815 0.171927
5 0.444834 0.51598 0.055815 0.174132
5 0.655114 0.516531 0.045431 0.177438
10 0.062565 0.44214 0.014278 0.030859
10 0.271872 0.443793 0.017523 0.027552
10 0.194964 0.471345 0.018172 0.031961
10 0.405893 0.468039 0.01947 0.034165
10 0.479232 0.444344 0.01947 0.028655
10 0.612928 0.472448 0.018172 0.036369
10 0.689187 0.443793 0.018821 0.031961
8 0.080737 0.443793 0.018172 0.029757
8 0.289395 0.444344 0.018821 0.030859
8 0.497728 0.444344 0.016225 0.033063
8 0.708333 0.445997 0.014278 0.031961
34 0.102804 0.445446 0.024663 0.04188
34 0.171924 0.468039 0.02661 0.036369
34 0.313409 0.444344 0.025312 0.04188
34 0.382204 0.469141 0.02661 0.042982
34 0.521093 0.443242 0.030504 0.035267
34 0.731698 0.445446 0.027259 0.04188
34 0.589564 0.472448 0.028557 0.036369
4 0.159917 0.516531 0.020768 0.02094
4 0.36825 0.515429 0.022066 0.018736
4 0.166407 0.386484 0.01947 0.02094
4 0.374091 0.385933 0.022066 0.019838
4 0.585021 0.386484 0.024663 0.031961
4 0.576259 0.516531 0.022715 0.02094
4 0.792381 0.386484 0.018821 0.027552
33 0.153751 0.573841 0.03959 0.040778
33 0.363058 0.573841 0.041537 0.038573
33 0.344561 0.312643 0.03959 0.040778
33 0.135903 0.312643 0.041537 0.040778
33 0.555166 0.312643 0.038941 0.045186
33 0.57204 0.574392 0.042835 0.037471
33 0.765447 0.314847 0.040239 0.040778
2 0.121625 0.52094 0.029855 0.04739
2 0.329634 0.521491 0.030504 0.048492
2 0.540239 0.523144 0.031153 0.054003
15 0.598001 0.387035 0.01298 0.035267
15 0.806983 0.385382 0.01298 0.029757
15 0.592809 0.514878 0.010384 0.022042
15 0.383502 0.513776 0.013629 0.019838
15 0.388694 0.385382 0.007139 0.027552
15 0.180361 0.38428 0.007139 0.029757
15 0.175169 0.515429 0.008437 0.029757
7 0.020379 0.687357 0.028557 0.045186
7 0.020379 0.734196 0.025961 0.044084
7 0.021028 0.782137 0.028557 0.04739
7 0.021353 0.829527 0.031802 0.04739
7 0.01973 0.879122 0.031153 0.04739
7 0.020055 0.92541 0.031802 0.045186
7 0.07587 0.664764 0.029206 0.046288
7 0.076519 0.712705 0.02661 0.049594
7 0.074247 0.760646 0.028557 0.046288
7 0.075221 0.808588 0.027908 0.045186
7 0.228388 0.685153 0.029206 0.04739
7 0.228388 0.732543 0.0331 0.04739
7 0.23001 0.782688 0.027259 0.050697
7 0.228063 0.829527 0.033749 0.045186
7 0.229037 0.87802 0.029206 0.045186
7 0.229037 0.923757 0.030504 0.046288
7 0.284852 0.663111 0.029206 0.04739
7 0.28615 0.710501 0.027908 0.04739
7 0.28615 0.758442 0.031802 0.046288
7 0.28615 0.807485 0.031802 0.049594
7 0.438019 0.686255 0.027908 0.045186
7 0.438019 0.734747 0.029206 0.045186
7 0.438668 0.780484 0.030504 0.04188
7 0.437695 0.828976 0.028557 0.048492
7 0.438993 0.877469 0.032451 0.046288
7 0.438344 0.92541 0.031153 0.045186
7 0.494808 0.664213 0.029855 0.045186
7 0.495457 0.711603 0.028557 0.042982
7 0.494483 0.758993 0.027908 0.04739
7 0.495132 0.807485 0.029206 0.04739
7 0.646353 0.685704 0.025312 0.048492
7 0.647326 0.734747 0.023364 0.042982
7 0.647651 0.784341 0.029206 0.045186
7 0.647002 0.827874 0.029206 0.046288
7 0.647651 0.876367 0.025312 0.048492
7 0.647326 0.92541 0.028557 0.051799
7 0.704115 0.664213 0.029206 0.051799
7 0.703141 0.711603 0.029855 0.045186
7 0.703141 0.758993 0.029855 0.04739
7 0.702492 0.808037 0.031153 0.046288
7 0.285177 0.549043 0.031153 0.046288