2 0.03269 0.276008 0.02608 0.054466
2 0.030264 0.373366 0.024867 0.058551
2 0.162179 0.346133 0.025473 0.058551
2 0.162482 0.425109 0.024867 0.058551
7 0.163392 0.345452 0.031538 0.070806
30 0.122149 0.427832 0.021834 0.042211
4 0.037239 0.325708 0.015769 0.020425
4 0.066655 0.324346 0.011524 0.017702
4 0.053008 0.349537 0.014556 0.01634
4 0.038149 0.42579 0.012737 0.019063
4 0.067868 0.426471 0.017589 0.014978
4 0.053008 0.447576 0.016982 0.01634
4 0.064229 0.512255 0.018802 0.025871
4 0.250728 0.325027 0.015769 0.013617
4 0.28075 0.326389 0.01395 0.01634
4 0.266194 0.348175 0.01395 0.013617
4 0.249515 0.42579 0.018195 0.01634
4 0.280143 0.423066 0.015163 0.01634
4 0.267103 0.446895 0.016982 0.017702
4 0.27984 0.513617 0.018195 0.025871
4 0.185226 0.729439 0.018195 0.02451
4 0.125788 0.818627 0.010917 0.034041
4 0.336548 0.818627 0.011524 0.034041
4 0.399624 0.729439 0.017589 0.02451
30 0.336245 0.435321 0.021834 0.068083
1 0.297428 0.477533 0.006065 0.019063
1 0.306223 0.465959 0.006672 0.020425
1 0.283479 0.542211 0.009704 0.017702
1 0.281963 0.674973 0.009098 0.02451
1 0.180374 0.674973 0.013343 0.019063
1 0.179161 0.54085 0.007278 0.017702
1 0.069687 0.542211 0.011524 0.014978
1 0.068777 0.674973 0.010917 0.021786
2 0.195233 0.610975 0.02608 0.05719
2 0.426007 0.611656 0.02426 0.058551
11 0.404173 0.527233 0.008491 0.031318
11 0.404173 0.69744 0.018195 0.023148
37 0.053008 0.314134 0.01213 0.035403
37 0.052098 0.412173 0.011524 0.04085
37 0.26589 0.312772 0.01213 0.04085
37 0.26589 0.411492 0.010917 0.047658
2 0.246179 0.272603 0.02608 0.050381
2 0.246179 0.374047 0.024867 0.062636
2 0.37597 0.346814 0.02608 0.059913
2 0.37597 0.427151 0.024867 0.054466
7 0.377183 0.344771 0.035784 0.072168
1 0.084546 0.476171 0.009704 0.019063
1 0.093037 0.466639 0.009704 0.021786
35 0.124575 0.626634 0.099466 0.319989
35 0.338367 0.630038 0.097647 0.313181