7 0.210784 0.233135 0.072717 0.091908
2 0.212024 0.366014 0.068585 0.094122
33 0.714846 0.591908 0.04958 0.127342
2 0.780539 0.542078 0.06528 0.091908
7 0.283915 0.234796 0.066933 0.093015
7 0.354566 0.234243 0.069412 0.087478
7 0.427283 0.234796 0.067759 0.088586
7 0.500826 0.23535 0.066106 0.089693
7 0.573543 0.234243 0.066106 0.091908
7 0.643781 0.234243 0.071064 0.091908
2 0.283915 0.366568 0.070238 0.09523
2 0.355805 0.36989 0.071891 0.101874
2 0.428936 0.369336 0.072717 0.102981
2 0.501239 0.370997 0.070238 0.106303
2 0.57313 0.375426 0.070238 0.110732
2 0.646674 0.370997 0.073543 0.101874