4 0.256211 0.730526 0.05108 0.027444
2 0.498839 0.643255 0.06501 0.061474
2 0.578361 0.644902 0.068493 0.060376
7 0.497678 0.538421 0.071976 0.064767
7 0.580683 0.537872 0.073137 0.065865
33 0.2684 0.311188 0.049919 0.095504
2 0.207453 0.274414 0.06501 0.061474
32 0.320641 0.340278 0.03831 0.032932
4 0.375784 0.378151 0.027862 0.047203
2 0.416996 0.254654 0.070815 0.063669
7 0.416415 0.142136 0.071976 0.066962
4 0.856397 0.399557 0.030183 0.048301
7 0.48665 0.143782 0.066171 0.063669
7 0.555723 0.143234 0.067332 0.062571
7 0.625377 0.141038 0.067332 0.062571
7 0.694451 0.141038 0.068493 0.064767
2 0.486069 0.255752 0.06501 0.063669
2 0.556304 0.255752 0.073137 0.065865
2 0.627699 0.259045 0.062689 0.076842
2 0.695612 0.255203 0.070815 0.066962