4 0.055135 0.352012 0.01482 0.058275
4 0.055889 0.568243 0.014318 0.052141
2 0.08151 0.232395 0.016829 0.092013
2 0.104116 0.231628 0.017332 0.099681
2 0.126974 0.233928 0.018337 0.098147
2 0.081887 0.073672 0.018588 0.111949
2 0.103991 0.071372 0.019592 0.11655
2 0.12597 0.074439 0.020848 0.119617
14 0.237747 0.286836 0.010299 0.084345
14 0.217276 0.574377 0.014066 0.067476
14 0.250306 0.574377 0.01281 0.052141
14 0.233979 0.652589 0.011806 0.055208
14 0.32001 0.358146 0.015071 0.067476
14 0.369745 0.354312 0.017583 0.062876
14 0.349525 0.475463 0.013815 0.053674
14 0.350404 0.57131 0.014066 0.064409
14 0.397501 0.472396 0.01281 0.065943
14 0.397501 0.563642 0.014318 0.064409
14 0.309586 0.787541 0.009294 0.098147
46 0.345003 0.360447 0.016327 0.072077
2 0.237622 0.151116 0.019592 0.104282
2 0.454144 0.15035 0.018588 0.108882
2 0.485039 0.461661 0.021602 0.136486
2 0.333449 0.82128 0.017834 0.110416
2 0.354548 0.819746 0.016327 0.113483
2 0.374267 0.822813 0.018085 0.11655
2 0.395868 0.822046 0.016076 0.115017
2 0.417219 0.822813 0.018085 0.110416
2 0.537537 0.429457 0.01909 0.111949
2 0.60812 0.460894 0.020095 0.128819
14 0.527615 0.720065 0.010299 0.085879
14 0.454897 0.28837 0.012057 0.078211
1 0.729192 0.572077 0.006028 0.044473
1 0.728313 0.82128 0.007284 0.052141
1 0.728815 0.934763 0.007284 0.039872