4 0.056528 0.183158 0.01458 0.038174
4 0.055009 0.315812 0.015187 0.036265
4 0.054705 0.620247 0.015795 0.034356
4 0.055313 0.832112 0.01458 0.038174
2 0.078094 0.119217 0.018832 0.051535
2 0.099964 0.119217 0.017617 0.062987
2 0.075967 0.035234 0.023085 0.062987
2 0.099052 0.036189 0.023085 0.064895
2 0.06564 0.771988 0.018225 0.055352
2 0.087206 0.772942 0.022477 0.061078
2 0.062906 0.692778 0.023692 0.061078
2 0.085687 0.692778 0.01944 0.061078
2 0.064729 0.479959 0.018832 0.066804
2 0.083865 0.479959 0.023085 0.066804
2 0.065944 0.560124 0.015187 0.062987
2 0.086599 0.557261 0.022477 0.061078
1 0.286944 0.153101 0.005356 0.014238
1 0.299098 0.152454 0.00412 0.015533
1 0.303836 0.151807 0.004532 0.014238
1 0.309397 0.153101 0.005768 0.016827
1 0.314753 0.173165 0.004944 0.018122
1 0.314753 0.238532 0.003296 0.019416
1 0.29333 0.255359 0.006592 0.016827
1 0.24451 0.35438 0.005356 0.012944
1 0.257488 0.351791 0.004944 0.015533
1 0.263049 0.353086 0.002884 0.018122
1 0.267169 0.34985 0.005356 0.016827
1 0.272113 0.373149 0.005356 0.019416
1 0.271907 0.432691 0.005768 0.027182
1 0.252132 0.45599 0.007416 0.014238
1 0.28715 0.589961 0.003296 0.012944
1 0.299098 0.591255 0.00412 0.015533
1 0.304248 0.590608 0.004532 0.016827
1 0.309809 0.589313 0.006592 0.022005
1 0.315783 0.610024 0.005356 0.019416
1 0.314959 0.673449 0.004532 0.022005
1 0.293536 0.693512 0.009476 0.018122
1 0.244716 0.786062 0.004944 0.014238
1 0.256252 0.786062 0.004944 0.014238
1 0.262432 0.786062 0.004944 0.014238
1 0.267581 0.786709 0.005356 0.02071
1 0.272113 0.870198 0.005356 0.022005
1 0.274173 0.808714 0.00618 0.02071
1 0.251926 0.890261 0.008652 0.012944
24 0.434227 0.327198 0.015655 0.041421
24 0.396531 0.449518 0.017715 0.045304
24 0.432579 0.764057 0.017303 0.042715
24 0.395501 0.887025 0.015655 0.042715
2 0.483253 0.254712 0.021423 0.06472
2 0.484489 0.683804 0.022247 0.073781
2 0.445145 0.812597 0.016891 0.049187
2 0.443909 0.377679 0.019363 0.051776
35 0.464714 0.376385 0.011535 0.041421
35 0.464302 0.81195 0.014007 0.047893
35 0.425576 0.501942 0.014007 0.054365
35 0.426194 0.936859 0.016067 0.051776
8 0.469246 0.890908 0.014831 0.03236
8 0.46904 0.457285 0.016067 0.034949
8 0.50859 0.334317 0.018539 0.040126
8 0.508178 0.768588 0.016891 0.041421
10 0.54299 0.845604 0.013183 0.037538
10 0.54402 0.41457 0.011947 0.042715