2 0.295553 0.105171 0.019413 0.069881
2 0.32619 0.09993 0.026087 0.073375
2 0.35713 0.09993 0.026087 0.073375
2 0.385037 0.100804 0.02366 0.068134
2 0.41264 0.101677 0.030333 0.073375
2 0.46269 0.130503 0.022447 0.061146
2 0.324673 0.230957 0.02548 0.080363
2 0.353187 0.232704 0.024267 0.083857
2 0.383217 0.233578 0.026087 0.08211
2 0.411427 0.230957 0.02548 0.076869
2 0.43812 0.231831 0.02184 0.075122
2 0.461477 0.259783 0.018807 0.054158
8 0.476947 0.182041 0.015773 0.031447
8 0.47634 0.311321 0.016987 0.034941
8 0.72113 0.456324 0.015167 0.024458
8 0.72204 0.585604 0.01456 0.034941
3 0.742667 0.459818 0.019413 0.038435
3 0.742667 0.586478 0.0182 0.036688
3 0.49818 0.176799 0.019413 0.027952
3 0.498483 0.303459 0.021233 0.033194
2 0.77755 0.045772 0.028513 0.080363
2 0.775124 0.125262 0.0273 0.057652
2 0.779674 0.329665 0.030333 0.078616
2 0.779067 0.404787 0.02548 0.054158
2 0.344087 0.643256 0.02548 0.073375
2 0.422953 0.646751 0.027907 0.069881
2 0.419313 0.724493 0.023053 0.06464
2 0.34439 0.722746 0.0273 0.068134
4 0.90859 0.45283 0.02002 0.034941
4 0.91314 0.177673 0.016987 0.036688
35 0.49454 0.465933 0.020627 0.08211
35 0.53185 0.627533 0.021233 0.080363
35 0.256726 0.463312 0.020627 0.083857
35 0.296766 0.62928 0.019413 0.076869
2 0.550353 0.379455 0.020627 0.080363
2 0.580383 0.381202 0.024873 0.080363
2 0.609503 0.380328 0.0273 0.078616
2 0.635287 0.380328 0.02912 0.08211
2 0.668047 0.382949 0.027907 0.080363
2 0.561273 0.512229 0.026693 0.073375
2 0.587663 0.510482 0.022447 0.076869
2 0.614357 0.511356 0.029727 0.08211
2 0.64378 0.510482 0.024267 0.090846
2 0.67472 0.513103 0.02548 0.089099
2 0.709604 0.541055 0.02366 0.061146
2 0.707784 0.413522 0.02366 0.061146