18 0.430081 0.30692 0.104386 0.146577
18 0.549238 0.315104 0.08666 0.142113
2 0.189798 0.622024 0.061056 0.046131
2 0.3664 0.612723 0.042673 0.048363
2 0.642791 0.611979 0.036108 0.051339
2 0.817424 0.615327 0.043986 0.059524
2 0.825302 0.778274 0.050551 0.05506
2 0.646731 0.769717 0.033482 0.036458
2 0.362789 0.767857 0.036765 0.040179
2 0.182904 0.77753 0.055147 0.053571
0 0.073595 0.708705 0.040047 0.024554
0 0.290901 0.709077 0.046612 0.028274
0 0.716977 0.709821 0.059743 0.02381
0 0.93494 0.711682 0.046612 0.029018
0 0.935924 0.866443 0.04333 0.02753
0 0.720916 0.868676 0.053178 0.031994
0 0.293855 0.867932 0.047269 0.030506
0 0.068671 0.86756 0.047269 0.025298
0 0.609638 0.790923 0.022321 0.052083
0 0.644761 0.653646 0.024291 0.036458
0 0.650341 0.814732 0.018382 0.03869
0 0.363774 0.657366 0.02823 0.039435
0 0.401523 0.785714 0.022321 0.041667
0 0.36443 0.812128 0.022978 0.030506
8 0.23838 0.707589 0.042673 0.034226
8 0.234441 0.860863 0.042673 0.032738
8 0.773109 0.71131 0.053834 0.040179
8 0.773109 0.865327 0.040704 0.032738