2 0.35978 0.345684 0.095501 0.05045
2 0.31582 0.389456 0.065183 0.028192
2 0.550024 0.389827 0.090953 0.025967
2 0.79105 0.311927 0.18797 0.073449
2 0.456039 0.474033 0.090953 0.040063
2 0.540171 0.484049 0.068215 0.028934
2 0.30824 0.484049 0.071247 0.030418
6 0.910047 0.56232 0.071247 0.01929
28 0.196065 0.417648 0.11066 0.041547
28 0.313546 0.419874 0.115207 0.029676
28 0.54775 0.420616 0.11066 0.026709
28 0.543203 0.513354 0.122787 0.034128
28 0.317336 0.513354 0.11066 0.032644
28 0.183938 0.513725 0.107628 0.033386
28 0.534865 0.612399 0.10308 0.028934
0 0.797114 0.380924 0.05154 0.03487