2 0.157264 0.527331 0.079747 0.108554
28 0.197355 0.628571 0.035298 0.046193
28 0.23919 0.631266 0.036169 0.037725
2 0.240715 0.591232 0.029633 0.039264
28 0.355759 0.722498 0.028761 0.073909
28 0.527236 0.722113 0.020481 0.057742
28 0.596306 0.722113 0.026146 0.062361
28 0.653392 0.721343 0.023532 0.063901
28 0.727256 0.722113 0.023968 0.057742
28 0.758414 0.614713 0.034862 0.044654
28 0.842082 0.613558 0.03922 0.031565
28 0.953204 0.314842 0.031376 0.046963
28 0.753838 0.326005 0.035298 0.036955
2 0.754274 0.283661 0.023968 0.043114
2 0.841211 0.57083 0.020046 0.036955
2 0.703506 0.720188 0.024403 0.040034