18 0.142151 0.235637 0.099799 0.094708
18 0.884937 0.272178 0.134966 0.067862
18 0.896343 0.087236 0.117857 0.067862
4 0.750922 0.156589 0.045622 0.048473
28 0.75805 0.218485 0.031365 0.038032
28 0.703399 0.334074 0.036118 0.046981
4 0.7053 0.38553 0.036118 0.04549
28 0.569384 0.38031 0.028514 0.027592
28 0.419211 0.378818 0.039919 0.030575
28 0.27379 0.379191 0.036118 0.026846
28 0.144052 0.387394 0.031365 0.035795
8 0.273315 0.408648 0.044672 0.03505
8 0.415884 0.410512 0.046573 0.032812
8 0.565107 0.412376 0.035167 0.036541
0 0.625461 0.401563 0.022811 0.029829
0 0.47909 0.400444 0.026613 0.026101
0 0.336045 0.403055 0.035167 0.023864
2 0.62356 0.372852 0.036118 0.03505
2 0.485268 0.372479 0.056077 0.028338
2 0.336521 0.371361 0.038018 0.032067
2 0.081322 0.426545 0.086492 0.051456
6 0.346976 0.461222 0.032316 0.022372
6 0.491446 0.466442 0.022811 0.029829
6 0.201555 0.464205 0.028514 0.023864