2 0.699796 0.281369 0.02926 0.05166
28 0.702634 0.335796 0.039304 0.049815
2 0.793689 0.642525 0.017905 0.047047
28 0.703289 0.695107 0.037994 0.058117
28 0.796964 0.69972 0.041051 0.063652
28 0.672719 0.83302 0.019652 0.066419
2 0.650666 0.831636 0.022709 0.050737
28 0.599789 0.835787 0.028386 0.073799
28 0.537994 0.832097 0.027076 0.077489
28 0.461569 0.833942 0.024456 0.071954
28 0.283173 0.831175 0.024893 0.073799
2 0.160457 0.666971 0.030133 0.049815
28 0.159802 0.718631 0.041051 0.057195
28 0.11613 0.718631 0.041051 0.04797
2 0.075516 0.593172 0.074241 0.125459
6 0.018744 0.787356 0.023582 0.035977