2 0.159727 0.154934 0.159613 0.088402
28 0.564459 0.270823 0.058759 0.034915
28 0.864829 0.271937 0.059636 0.035658
28 0.863952 0.447627 0.066651 0.036401
28 0.557443 0.44317 0.065774 0.042344
28 0.560951 0.62926 0.049989 0.034172
28 0.860883 0.628889 0.044727 0.039372
6 0.609624 0.628146 0.033326 0.021543
6 0.613571 0.45097 0.027187 0.023772
6 0.611378 0.272309 0.028064 0.026001
2 0.76836 0.178706 0.066651 0.039372
2 0.763536 0.352911 0.042973 0.041601
2 0.767921 0.534172 0.062267 0.047544
8 0.799055 0.446513 0.070159 0.040115
8 0.795985 0.265623 0.057005 0.048287
8 0.802124 0.62666 0.058759 0.040858
0 0.76529 0.22105 0.027187 0.037887
0 0.763098 0.39674 0.028064 0.037144
0 0.76529 0.578373 0.025433 0.037887