6 0.407609 0.420323 0.025784 0.025318
6 0.546554 0.422557 0.020054 0.026807
6 0.689079 0.420323 0.015757 0.014893
0 0.829098 0.106455 0.022202 0.042445
0 0.858821 0.104965 0.024351 0.043934
4 0.893557 0.178685 0.035094 0.05287
4 0.927577 0.179058 0.037243 0.061061
4 0.960881 0.178313 0.033662 0.06404
2 0.818713 0.301552 0.034378 0.040956
0 0.823368 0.341763 0.025067 0.040956
8 0.761058 0.348465 0.033662 0.036488
2 0.678694 0.30453 0.0265 0.039466
0 0.681201 0.345486 0.020054 0.03053
28 0.619249 0.310115 0.029365 0.0417
28 0.763207 0.311232 0.0265 0.039466
2 0.536885 0.306764 0.040824 0.03053
28 0.48102 0.310488 0.0265 0.036488
8 0.481737 0.351071 0.043689 0.040211
0 0.536169 0.345114 0.025067 0.034254
8 0.618533 0.349954 0.037959 0.040956
6 0.479946 0.391282 0.020054 0.016382
6 0.621397 0.391282 0.02077 0.017872
6 0.761774 0.39426 0.019338 0.016382
2 0.295164 0.373783 0.08881 0.066273
18 0.364278 0.899875 0.092391 0.071486