18 0.301046 0.146142 0.118856 0.06772
18 0.295878 0.238048 0.135392 0.064
0 0.610587 0.312467 0.028939 0.046139
0 0.65968 0.309118 0.042375 0.04986
1 0.612655 0.344838 0.031006 0.017116
1 0.663297 0.346327 0.053743 0.021581
28 0.892741 0.392466 0.059945 0.034976
0 0.947517 0.448652 0.049609 0.065488
4 0.710323 0.39135 0.048576 0.058046
4 0.760966 0.389489 0.063045 0.066232
4 0.811092 0.390233 0.05581 0.063255
6 0.474679 0.394698 0.040308 0.021581
2 0.494832 0.480279 0.066146 0.037953
2 0.183224 0.481395 0.05271 0.034232
0 0.090723 0.467256 0.047542 0.043162
0 0.403365 0.463535 0.042375 0.043162
8 0.093824 0.50893 0.051676 0.040186
8 0.402848 0.506326 0.057878 0.04093
0 0.495349 0.520465 0.025838 0.04093
0 0.18219 0.524186 0.027905 0.045395
6 0.129997 0.65479 0.026872 0.025302
6 0.441606 0.655906 0.044442 0.027535
28 0.130514 0.694231 0.050643 0.046139
28 0.441606 0.698324 0.044442 0.043907
28 0.5863 0.766417 0.065112 0.031256
6 0.514986 0.762324 0.023771 0.02307