6 0.333999 0.063807 0.045461 0.030441
2 0.451784 0.364502 0.07439 0.04232
2 0.393925 0.404223 0.071635 0.032668
2 0.606764 0.404594 0.095054 0.03638
2 0.524108 0.489606 0.078523 0.035638
2 0.614341 0.500742 0.060614 0.034153
2 0.400124 0.495545 0.061992 0.025244
28 0.282339 0.432808 0.093677 0.033411
28 0.398058 0.432436 0.099187 0.029698
28 0.607453 0.436149 0.077146 0.026728
28 0.279584 0.528213 0.088166 0.032668
28 0.400124 0.527842 0.111586 0.030441
28 0.607453 0.5271 0.093677 0.030441
28 0.608142 0.624361 0.075768 0.03638
0 0.864375 0.504826 0.031685 0.037865
2 0.867819 0.439119 0.157046 0.060881