2 0.5872 0.593892 0.035823 0.065119
2 0.50165 0.665826 0.029695 0.066633
2 0.589321 0.815751 0.030638 0.072691
2 0.296849 0.591621 0.037708 0.072691
2 0.378863 0.662797 0.031109 0.069662
2 0.19433 0.665826 0.030638 0.069662
2 0.071779 0.666583 0.030638 0.065119
2 0.300619 0.816508 0.030166 0.071177
4 0.048113 0.620592 0.008695 0.039111
4 0.072169 0.728147 0.005217 0.025143
4 0.169699 0.621989 0.009565 0.049354
4 0.193465 0.729544 0.006087 0.033524
4 0.355773 0.623851 0.008985 0.047492
4 0.379685 0.730009 0.004058 0.03073
4 0.47707 0.622454 0.009275 0.044698
4 0.501851 0.731872 0.007826 0.032592
8 0.47562 0.692761 0.015071 0.053079
8 0.354179 0.691364 0.016231 0.044698
8 0.16767 0.693226 0.011883 0.046561
8 0.045649 0.693692 0.014782 0.047492