18 0.081479 0.938635 0.06261 0.071817
2 0.167688 0.859084 0.05972 0.067397
7 0.167206 0.764617 0.066462 0.077341
3 0.349255 0.790582 0.018301 0.029832
3 0.393082 0.699982 0.025044 0.029832
14 0.378634 0.642529 0.025044 0.016573
14 0.416681 0.671256 0.026007 0.016573
1 0.357924 0.641424 0.016375 0.025412
1 0.436427 0.358576 0.015412 0.038671
2 0.295796 0.641976 0.055867 0.066292
7 0.355998 0.248641 0.060683 0.068502
7 0.356961 0.172957 0.060683 0.071817
7 0.421016 0.093959 0.05972 0.064083
7 0.573205 0.091749 0.052014 0.057453
7 0.695534 0.107769 0.05972 0.065188
7 0.794747 0.109427 0.057793 0.064083
7 0.894922 0.109427 0.05972 0.066292
2 0.572242 0.155832 0.050088 0.055244
2 0.737435 0.205551 0.05683 0.064083
7 0.422942 0.170747 0.061646 0.067397
7 0.423905 0.245326 0.067426 0.068502
7 0.253415 0.764065 0.065499 0.076236
2 0.25197 0.861846 0.060683 0.064083
2 0.793783 0.205551 0.055867 0.066292
2 0.848687 0.204998 0.053941 0.067397
7 0.476401 0.297808 0.027933 0.034251