7 0.265566 0.089438 0.079721 0.067505
7 0.175711 0.160263 0.072965 0.060865
7 0.266241 0.159156 0.081072 0.060865
7 0.177738 0.234961 0.077019 0.061972
7 0.26489 0.234961 0.07837 0.064185
7 0.468922 0.084458 0.075667 0.059758
7 0.633769 0.100505 0.081072 0.063078
7 0.766187 0.101058 0.081072 0.068611
7 0.897254 0.101058 0.083775 0.066398
2 0.685791 0.192909 0.082424 0.057545
2 0.765512 0.193462 0.071614 0.063078
2 0.841179 0.194015 0.082424 0.061972
2 0.468922 0.150303 0.07837 0.054225
2 0.094638 0.61177 0.075667 0.058652
7 0.345963 0.279226 0.032429 0.035412
1 0.179089 0.612877 0.017566 0.029879
14 0.204086 0.614537 0.032429 0.017706
14 0.25881 0.642203 0.03378 0.017706
3 0.227057 0.666549 0.035131 0.030986
3 0.058831 0.757293 0.039185 0.030986
1 0.283807 0.339538 0.018917 0.023239