7 0.295892 0.089921 0.084235 0.070268
7 0.209713 0.162934 0.075164 0.066974
7 0.486393 0.085529 0.0635 0.054897
7 0.641256 0.101449 0.075164 0.060386
7 0.769552 0.102547 0.06998 0.062582
7 0.895257 0.103096 0.077755 0.059289
2 0.697628 0.193676 0.073868 0.060386
2 0.770848 0.194774 0.064796 0.064778
2 0.840828 0.194774 0.072572 0.06917
2 0.485097 0.149209 0.0635 0.052701
7 0.293948 0.161836 0.075164 0.062582
7 0.209713 0.233202 0.075164 0.062582
7 0.294596 0.234848 0.07646 0.065876
2 0.131957 0.604304 0.072572 0.062582
14 0.236927 0.607598 0.025918 0.018665
14 0.286172 0.633948 0.031102 0.016469
3 0.256366 0.660848 0.02851 0.030742
7 0.36652 0.28206 0.033694 0.024155