7 0.135175 0.768693 0.078539 0.066208
7 0.283385 0.093375 0.078539 0.070621
7 0.199146 0.167858 0.077272 0.069518
7 0.474032 0.091168 0.064604 0.05738
7 0.633009 0.106065 0.078539 0.067311
7 0.762218 0.104961 0.086139 0.069518
7 0.88636 0.107168 0.088673 0.067311
2 0.688113 0.20041 0.072205 0.066208
2 0.473398 0.151858 0.076005 0.050759
2 0.121241 0.624691 0.073472 0.062897
2 0.136442 0.86028 0.073472 0.064001
3 0.244749 0.682071 0.026602 0.02538
14 0.224481 0.625794 0.026602 0.020966
14 0.275151 0.654484 0.034202 0.018759
1 0.201046 0.625243 0.017735 0.024276
1 0.29732 0.351585 0.035469 0.033104
7 0.282752 0.16841 0.082339 0.064001
7 0.197246 0.240687 0.073472 0.067311
7 0.284019 0.242894 0.082339 0.065104
2 0.759684 0.20041 0.065871 0.066208
2 0.830622 0.201514 0.073472 0.070621
7 0.354323 0.289791 0.032936 0.02869