18 0.136328 0.20952 0.055644 0.090396
7 0.425808 0.080541 0.058294 0.09701
7 0.424815 0.673626 0.060281 0.105829
2 0.500331 0.076131 0.052332 0.085986
2 0.605988 0.075029 0.052994 0.092601
2 0.5 0.674729 0.059618 0.090396
1 0.544714 0.207867 0.023185 0.056222
1 0.543058 0.803708 0.018548 0.0463
14 0.688129 0.502205 0.025172 0.040788
3 0.636791 0.802055 0.023185 0.045198
3 0.690117 0.803157 0.026497 0.038584
3 0.664944 0.855521 0.025172 0.037481
3 0.687136 0.940405 0.033784 0.044096
33 0.662957 0.765125 0.026497 0.125672