2 0.589038 0.194715 0.064755 0.060616
2 0.653215 0.195266 0.063599 0.061718
2 0.717391 0.195817 0.064755 0.067229
2 0.401133 0.150631 0.05666 0.054003
2 0.083719 0.609109 0.067068 0.065025
7 0.231152 0.091668 0.061286 0.061718
7 0.401711 0.086709 0.057817 0.054003
7 0.54105 0.103791 0.072849 0.063922
7 0.654949 0.104342 0.062442 0.065025
7 0.766536 0.104342 0.070537 0.069433
7 0.152521 0.162203 0.068224 0.063922
7 0.231152 0.163305 0.068224 0.068331
7 0.153677 0.236045 0.070537 0.066127
7 0.229417 0.235493 0.06938 0.067229
1 0.24445 0.344051 0.027752 0.030859
1 0.157724 0.610762 0.013876 0.026451
14 0.179695 0.609109 0.030065 0.02094
14 0.221323 0.637764 0.030065 0.018736
3 0.192993 0.664214 0.026596 0.029757
20 0.276249 0.890698 0.02197 0.044084
7 0.293594 0.283986 0.026596 0.023144