33 0.182781 0.337533 0.036567 0.085102
34 0.222547 0.362953 0.026511 0.032051
28 0.266428 0.362953 0.03931 0.032051
7 0.253172 0.19496 0.045709 0.051945
7 0.251801 0.260168 0.046623 0.054156
7 0.321278 0.134173 0.044795 0.058576
7 0.320364 0.196618 0.048451 0.055261
7 0.319907 0.260721 0.051194 0.057471
7 0.409039 0.071729 0.044795 0.05305
7 0.407211 0.133621 0.046623 0.057471
7 0.408582 0.196618 0.051194 0.055261
7 0.407668 0.260721 0.053022 0.057471
14 0.303452 0.348585 0.012798 0.02542
1 0.302538 0.327586 0.014627 0.014368
2 0.228489 0.312666 0.038395 0.046419
10 0.318993 0.365164 0.016455 0.02542
17 0.409496 0.367374 0.014627 0.018789
33 0.429608 0.339191 0.023769 0.086207
32 0.459319 0.366269 0.028339 0.036472
7 0.366073 0.300508 0.031996 0.035367
7 0.25043 0.679598 0.053022 0.059682
7 0.251344 0.745911 0.056679 0.057471
7 0.320364 0.619363 0.048451 0.056366
7 0.320364 0.682913 0.048451 0.059682
7 0.320364 0.745911 0.052108 0.059682
7 0.408582 0.557471 0.049366 0.058576
7 0.407668 0.618811 0.049366 0.061892
7 0.406754 0.680703 0.051194 0.059682
7 0.407211 0.742595 0.052108 0.055261
20 0.075822 0.311008 0.029254 0.018789
7 0.36653 0.784041 0.025597 0.038683
33 0.183238 0.825486 0.033825 0.097259
34 0.223004 0.848696 0.029254 0.033156
28 0.268713 0.849248 0.047537 0.036472
14 0.303452 0.833775 0.012798 0.02321
1 0.30528 0.812224 0.016455 0.015473
10 0.320821 0.852564 0.016455 0.02542
17 0.408582 0.852011 0.020112 0.017683
33 0.429608 0.823828 0.029254 0.089523
32 0.459319 0.852564 0.028339 0.036472
2 0.230318 0.799514 0.038395 0.045314