7 0.206499 0.170973 0.055905 0.061935
7 0.205501 0.240096 0.055905 0.065252
7 0.28836 0.101849 0.055905 0.058617
7 0.287861 0.172079 0.054907 0.057511
7 0.28836 0.240096 0.055905 0.060829
7 0.392682 0.036044 0.05291 0.059723
7 0.393182 0.103508 0.055905 0.061935
7 0.393681 0.17042 0.054907 0.065252
7 0.391684 0.239543 0.062893 0.061935
7 0.39418 0.565805 0.057902 0.064147
7 0.393681 0.634376 0.056903 0.064147
7 0.392682 0.704052 0.056903 0.061935
7 0.39418 0.772623 0.053908 0.061935
7 0.289358 0.63327 0.059898 0.061935
7 0.287861 0.704605 0.056903 0.063041
7 0.289358 0.77207 0.055905 0.060829
7 0.205501 0.701287 0.059898 0.063041
7 0.207497 0.771517 0.059898 0.061935
33 0.12364 0.322491 0.039932 0.108385
34 0.173555 0.354564 0.029949 0.042027
28 0.222971 0.355117 0.042927 0.036497
14 0.267895 0.336869 0.012978 0.026543
1 0.268394 0.31309 0.019966 0.014378
10 0.289358 0.356223 0.019966 0.025437
17 0.395178 0.357882 0.015973 0.019908
7 0.34127 0.285441 0.035939 0.038709
33 0.419637 0.326915 0.028951 0.092902
34 0.456075 0.354564 0.027952 0.037603
33 0.120645 0.863313 0.051912 0.103962
34 0.172557 0.885432 0.029949 0.035391
28 0.224468 0.887091 0.043925 0.034285
14 0.269392 0.867184 0.01198 0.021014
1 0.268394 0.848935 0.015973 0.017696
10 0.290856 0.887091 0.022961 0.023225
17 0.392682 0.88875 0.018968 0.022119
33 0.420136 0.858889 0.029949 0.095114
34 0.454577 0.88875 0.032944 0.037603
7 0.342268 0.817415 0.037936 0.045345
2 0.178047 0.830133 0.042927 0.048663
2 0.177548 0.29816 0.045922 0.050875