33 0.231073 0.314155 0.052197 0.091273
34 0.282135 0.337248 0.034041 0.03409
28 0.33036 0.336698 0.044254 0.039588
14 0.374614 0.321853 0.014751 0.016495
1 0.374047 0.303158 0.024964 0.016495
2 0.375749 0.269068 0.048793 0.045087
7 0.447236 0.276766 0.041984 0.038489
10 0.392202 0.338898 0.022694 0.015395
17 0.495461 0.338898 0.020425 0.019794
33 0.519857 0.311956 0.030637 0.084675
32 0.553899 0.337248 0.035176 0.036289
3 0.347948 0.374087 0.027233 0.028592
3 0.476738 0.183844 0.023829 0.03299
3 0.476171 0.63526 0.024964 0.027492
3 0.347948 0.822754 0.024964 0.019794
33 0.230506 0.762272 0.048793 0.087974
34 0.279866 0.785915 0.036311 0.038489
28 0.329226 0.783716 0.048793 0.036289
14 0.372912 0.77052 0.015886 0.023093
1 0.374047 0.748526 0.018155 0.014296
10 0.39277 0.786465 0.01929 0.019794
2 0.373479 0.718835 0.046523 0.040688
7 0.443832 0.724334 0.037446 0.03409
17 0.493759 0.786465 0.026098 0.021993
33 0.522127 0.763922 0.030637 0.080276
32 0.555601 0.785915 0.024964 0.031891