2 0.043721 0.08557 0.020179 0.085604
2 0.025004 0.168456 0.018424 0.077451
2 0.044306 0.168456 0.017839 0.077451
2 0.025151 0.254059 0.017547 0.080168
2 0.045037 0.252021 0.016962 0.081527
2 0.083751 0.081329 0.017077 0.072592
2 0.08466 0.160674 0.017441 0.059087
2 0.118087 0.100743 0.020347 0.08441
2 0.145338 0.099899 0.020347 0.082721
2 0.173316 0.100743 0.023254 0.091162
2 0.129533 0.202034 0.017804 0.070904
2 0.146428 0.202034 0.014534 0.07428
2 0.162052 0.206255 0.014534 0.079345
2 0.247438 0.084705 0.016714 0.082721
2 0.229998 0.167426 0.018894 0.075969
2 0.248165 0.169959 0.016714 0.081033
2 0.229271 0.257745 0.018894 0.081033
2 0.247802 0.258589 0.017441 0.079345
2 0.290132 0.083861 0.017804 0.07428
2 0.290495 0.155609 0.017804 0.062463
2 0.321743 0.099899 0.019984 0.086098
2 0.35081 0.104119 0.022891 0.08441
2 0.377334 0.100743 0.019984 0.091162
2 0.333188 0.20119 0.017441 0.079345
2 0.349539 0.202878 0.015987 0.082721
2 0.365889 0.202878 0.013807 0.086098
2 0.008357 0.694142 0.015987 0.075969
2 0.212194 0.694986 0.018894 0.087786
2 0.415849 0.689921 0.017077 0.07428
2 0.217826 0.853676 0.020711 0.087786
2 0.216917 0.959188 0.018167 0.072592
2 0.452729 0.086393 0.020347 0.082721
2 0.433108 0.163206 0.018167 0.077657
2 0.454 0.169959 0.018531 0.081033
2 0.43329 0.254368 0.017077 0.087786
2 0.453637 0.25268 0.019257 0.081033
2 0.493787 0.076264 0.015261 0.072592
2 0.494513 0.156453 0.018894 0.077657
2 0.527215 0.105807 0.020347 0.091162
2 0.554466 0.100743 0.019621 0.08441
2 0.5799 0.103275 0.020347 0.089474
2 0.537388 0.202034 0.016714 0.070904
2 0.55392 0.205411 0.01417 0.077657
2 0.570634 0.204567 0.015624 0.079345
3 0.0347 0.759137 0.008357 0.043893
3 0.023254 0.860429 0.007267 0.043893
3 0.23999 0.758293 0.00763 0.038828
3 0.44419 0.76167 0.00981 0.045581
14 0.041966 0.723685 0.006904 0.030387
14 0.246893 0.727062 0.006904 0.027011
14 0.451639 0.725374 0.00654 0.023635
1 0.025798 0.69161 0.005087 0.023635
1 0.229634 0.692454 0.005814 0.025323
1 0.434016 0.694986 0.00545 0.030387
14 0.031611 0.696674 0.005814 0.027011
14 0.237265 0.693298 0.00654 0.027011
14 0.43983 0.693298 0.006177 0.030387
1 0.047417 0.379294 0.004723 0.033764
1 0.25198 0.380983 0.006177 0.033764
1 0.456181 0.382671 0.00545 0.040517
3 0.613509 0.859585 0.00763 0.045581
3 0.6473 0.758293 0.006904 0.045581
3 0.851319 0.764202 0.007267 0.050646
14 0.654567 0.724529 0.006904 0.032076
14 0.858041 0.727062 0.006904 0.030387
14 0.64403 0.692454 0.00545 0.021946
14 0.846959 0.694142 0.005814 0.021946
1 0.637853 0.69583 0.00545 0.028699
1 0.842054 0.693298 0.00545 0.030387
1 0.863309 0.383515 0.00436 0.032076
1 0.658927 0.377606 0.00763 0.03714
2 0.619323 0.69161 0.020711 0.087786
2 0.825158 0.692454 0.018167 0.086098
2 0.655657 0.083017 0.018531 0.089474
2 0.637308 0.167426 0.018167 0.075969
2 0.656384 0.170803 0.017077 0.079345
2 0.63749 0.254368 0.018531 0.08441
2 0.657292 0.25268 0.018167 0.08441
2 0.69726 0.083861 0.016714 0.077657
2 0.698532 0.158141 0.017077 0.064151
2 0.729598 0.098211 0.018894 0.079345
2 0.757576 0.098211 0.019621 0.086098
2 0.785735 0.103275 0.021437 0.089474
2 0.741952 0.206255 0.017441 0.079345
2 0.758847 0.212163 0.013444 0.081033
2 0.773381 0.213852 0.014897 0.081033
2 0.859313 0.087237 0.020347 0.087786
2 0.840964 0.169959 0.019984 0.08441
2 0.860948 0.171647 0.019257 0.081033
2 0.841327 0.260277 0.019257 0.079345
2 0.860584 0.261121 0.018531 0.077657
2 0.900189 0.083017 0.017804 0.089474
2 0.900916 0.16827 0.015624 0.060775
2 0.934525 0.101587 0.022527 0.096227
2 0.961049 0.102431 0.020347 0.094539
2 0.987937 0.099055 0.021801 0.091162
2 0.945244 0.207943 0.018531 0.079345
2 0.962866 0.205411 0.013807 0.087786
2 0.978672 0.212163 0.017077 0.094539