18 0.05259 0.219808 0.036228 0.079274
18 0.053194 0.438494 0.036228 0.07654
1 0.269653 0.437128 0.011472 0.030069
1 0.271163 0.874501 0.012076 0.027336
2 0.096365 0.047592 0.036831 0.084741
2 0.094856 0.147368 0.033812 0.06834
2 0.138631 0.051009 0.038039 0.094309
2 0.139536 0.1419 0.03502 0.060139
2 0.208369 0.338035 0.03985 0.088842
2 0.250936 0.335985 0.030793 0.07654
2 0.305881 0.340085 0.036831 0.084741
2 0.211388 0.778142 0.044681 0.097042
2 0.251238 0.775409 0.03019 0.083374
2 0.539246 0.068777 0.037435 0.088842
2 0.540454 0.166503 0.038643 0.065606
14 0.350562 0.650347 0.016302 0.035537
3 0.321278 0.875868 0.014491 0.027336
3 0.337278 0.873818 0.013887 0.031436
3 0.352071 0.873134 0.012076 0.032803
3 0.352071 0.973594 0.019321 0.03417
3 0.186632 0.075611 0.012076 0.039637
3 0.62106 0.433711 0.016302 0.031436
3 0.638268 0.434394 0.012076 0.035537
3 0.637363 0.473348 0.018718 0.03417
3 0.767782 0.953092 0.016302 0.042371
3 0.337882 0.916188 0.016302 0.028703