18 0.040095 0.856797 0.040559 0.053877
1 0.072325 0.861745 0.012312 0.02419
2 0.070514 0.708911 0.040559 0.061574
2 0.069065 0.774333 0.034764 0.040683
2 0.116142 0.706712 0.031867 0.063773
2 0.11578 0.773783 0.031143 0.043981
2 0.158149 0.70946 0.03911 0.060474
2 0.160322 0.776532 0.031867 0.042882
33 0.628541 0.156857 0.025534 0.063103
33 0.624384 0.484995 0.031472 0.066709
32 0.651996 0.175337 0.015439 0.02434
32 0.651402 0.504377 0.017814 0.02434
28 0.674263 0.50618 0.021971 0.02434
28 0.673076 0.176239 0.021971 0.026143
14 0.695046 0.166323 0.006532 0.017128
14 0.693859 0.495813 0.007719 0.016227
1 0.694453 0.483192 0.006532 0.009015
1 0.694453 0.155054 0.010095 0.009015
10 0.70336 0.179394 0.008907 0.016227
17 0.750864 0.177591 0.008907 0.016227
17 0.749083 0.50663 0.010095 0.014424
3 0.681983 0.20148 0.013657 0.020734
3 0.679905 0.53097 0.015439 0.01803
33 0.762443 0.487699 0.014251 0.059498
33 0.762443 0.15866 0.013064 0.057695
32 0.778476 0.17669 0.013064 0.025241
32 0.77907 0.508884 0.013064 0.020734
2 0.69564 0.786088 0.025534 0.037862
10 0.70336 0.505278 0.008907 0.017128
3 0.74166 0.723436 0.015439 0.02434
33 0.627947 0.816739 0.027909 0.064906
32 0.651996 0.834768 0.015439 0.025241
32 0.776694 0.835219 0.017814 0.027946
33 0.761849 0.818542 0.013064 0.059498
17 0.75027 0.838374 0.007719 0.021635
10 0.704844 0.837022 0.008313 0.018931
3 0.683467 0.862263 0.016626 0.020734
28 0.675451 0.834768 0.021971 0.021635
1 0.692968 0.809978 0.009501 0.009916
14 0.694453 0.826204 0.006532 0.017128
3 0.741957 0.066259 0.014845 0.02434
3 0.741957 0.398904 0.016033 0.031552