2 0.424953 0.028595 0.061556 0.030864
2 0.423266 0.060594 0.061556 0.028595
2 0.428326 0.093046 0.063242 0.029049
2 0.425374 0.125272 0.064085 0.028141
2 0.321657 0.059232 0.064085 0.033134
2 0.326717 0.093727 0.053967 0.026779
2 0.324609 0.124592 0.056496 0.03041
2 0.245345 0.093046 0.059869 0.03268
2 0.243237 0.12618 0.055653 0.030864
2 0.215411 0.152279 0.047221 0.023148
2 0.323766 0.309096 0.061556 0.029956
2 0.322922 0.342229 0.059869 0.028141
2 0.325874 0.375363 0.057339 0.031772
2 0.42411 0.277324 0.056496 0.030864
2 0.424953 0.309323 0.068301 0.03041
2 0.426639 0.342003 0.061556 0.031318
2 0.426218 0.373775 0.064085 0.029503
2 0.24661 0.341095 0.060712 0.032226
2 0.247032 0.374228 0.068301 0.029503
2 0.213303 0.40305 0.053123 0.025418
2 0.422001 0.526507 0.067458 0.03268
2 0.425796 0.558052 0.069988 0.028595
2 0.424953 0.590051 0.059869 0.030864
2 0.427061 0.624546 0.062399 0.03268
2 0.320814 0.555782 0.059026 0.034041
2 0.323344 0.589597 0.055653 0.030864
2 0.323766 0.622958 0.058183 0.033134
2 0.244081 0.590505 0.064085 0.030864
2 0.244502 0.623411 0.056496 0.03041
2 0.215411 0.651098 0.043848 0.024056
2 0.423688 0.776144 0.067458 0.035403
2 0.424531 0.807916 0.067458 0.029956
2 0.426639 0.839007 0.063242 0.029503
2 0.425374 0.873275 0.069145 0.03268
2 0.320814 0.807008 0.057339 0.034495
2 0.324187 0.839007 0.059026 0.029503
2 0.320814 0.871006 0.055653 0.030864
2 0.244081 0.839461 0.059026 0.03041
2 0.243659 0.873048 0.063242 0.028595
2 0.216254 0.900054 0.043848 0.02451
20 0.042549 0.151371 0.033729 0.010439
33 0.159758 0.163399 0.047221 0.046296
33 0.452358 0.16476 0.035416 0.043573
33 0.162288 0.413489 0.048907 0.042665
33 0.45025 0.415759 0.027826 0.042665
33 0.161866 0.662672 0.053123 0.042665
33 0.452358 0.664488 0.032043 0.04085
33 0.161444 0.911175 0.050594 0.044935
33 0.452358 0.914125 0.032043 0.041757
32 0.214146 0.178831 0.039632 0.01634
32 0.488616 0.178831 0.02867 0.017248
32 0.211616 0.42756 0.039632 0.017248
32 0.483979 0.428695 0.032886 0.014978
32 0.213303 0.676743 0.034572 0.017248
32 0.488616 0.678332 0.033729 0.01407
32 0.21246 0.926834 0.039632 0.019063
32 0.486508 0.927741 0.02614 0.014524
28 0.261367 0.179966 0.043005 0.017702
28 0.260102 0.428468 0.047221 0.019063
28 0.262632 0.678105 0.048907 0.019971
28 0.260945 0.928195 0.042161 0.017248
1 0.306479 0.159541 0.020237 0.005901
1 0.306479 0.408043 0.02361 0.006354
1 0.307323 0.658361 0.025297 0.007716
1 0.307323 0.907317 0.021924 0.007262
14 0.304371 0.171115 0.016021 0.011801
14 0.303106 0.419163 0.016865 0.010439
14 0.30395 0.919345 0.013492 0.011347
14 0.305215 0.669935 0.010962 0.010893
10 0.32503 0.179512 0.020237 0.011347
10 0.325874 0.428468 0.018551 0.011801
10 0.323766 0.677651 0.021081 0.00817
10 0.324187 0.927515 0.02361 0.013163
17 0.424531 0.925699 0.02361 0.014978
17 0.425796 0.677878 0.019394 0.011347
17 0.42411 0.428922 0.022767 0.013617
17 0.42411 0.179058 0.021081 0.01407