1 0.026692 0.155452 0.013018 0.032743
2 0.48396 0.88064 0.032081 0.060277
2 0.611353 0.877291 0.03859 0.056556
2 0.739676 0.882872 0.026502 0.048371
2 0.867069 0.885105 0.031151 0.054324
2 0.057146 0.883616 0.021852 0.045394
2 0.153156 0.883244 0.037195 0.052091
2 0.248933 0.885849 0.030686 0.049859
3 0.084345 0.71618 0.026966 0.070696
3 0.177797 0.717296 0.027896 0.075905
3 0.27404 0.716924 0.027896 0.060277
3 0.509066 0.719156 0.021852 0.067719
3 0.639249 0.722133 0.023712 0.070696
3 0.765945 0.712831 0.025107 0.058045
3 0.892176 0.716924 0.031151 0.066231
3 0.896593 0.878407 0.023247 0.073672
3 0.769432 0.8825 0.024642 0.066975
3 0.638552 0.882872 0.026966 0.070696
3 0.506974 0.877291 0.026037 0.066975
3 0.277062 0.8825 0.021852 0.058045
3 0.182447 0.882872 0.022317 0.060277
3 0.084112 0.885477 0.019062 0.063998