2 0.557407 0.19759 0.070862 0.106383
0 0.560547 0.386922 0.027807 0.078857
0 0.494394 0.45276 0.05068 0.048356
0 0.499103 0.735828 0.048437 0.037197
0 0.121695 0.550216 0.055165 0.034965
24 0.178653 0.562119 0.042607 0.054307
10 0.223503 0.558399 0.030946 0.039429
1 0.253104 0.555795 0.007624 0.026782
1 0.311408 0.516367 0.030946 0.016367
11 0.310062 0.794971 0.016594 0.017111
1 0.252879 0.8344 0.021528 0.030501
24 0.17955 0.840723 0.040813 0.04166
0 0.128646 0.831052 0.043056 0.034221
10 0.2244 0.83068 0.021079 0.030501
10 0.310735 0.770049 0.025116 0.050588
10 0.310062 0.492933 0.027358 0.030501
7 0.268352 0.454248 0.042607 0.061747
7 0.291226 0.549844 0.070414 0.065466
7 0.271043 0.73434 0.034534 0.055051
7 0.291226 0.837747 0.05965 0.061003