2 0.205104 0.346966 0.058935 0.109443
3 0.425348 0.554721 0.048895 0.055649
3 0.423166 0.865427 0.044529 0.048229
1 0.513097 0.87563 0.020955 0.074198
7 0.55326 0.73929 0.044529 0.102023
7 0.553042 0.431366 0.047585 0.094603
2 0.761499 0.25329 0.049768 0.122427
2 0.759316 0.561214 0.050641 0.115008
0 0.759971 0.692452 0.025757 0.115935
1 0.509386 0.552403 0.023138 0.041737
1 0.582291 0.499536 0.019645 0.034317
3 0.851648 0.472176 0.036234 0.044519
3 0.85274 0.775925 0.034052 0.051011
1 0.580763 0.805605 0.028813 0.039882
0 0.75888 0.378036 0.023574 0.080691