2 0.785722 0.164445 0.090158 0.089481
0 0.711805 0.425805 0.073585 0.035047
0 0.788042 0.354593 0.039113 0.080533
7 0.376364 0.423941 0.064304 0.062637
0 0.710148 0.70357 0.066293 0.03281
1 0.432381 0.758005 0.034472 0.026844
1 0.349847 0.793425 0.019225 0.023116
24 0.245767 0.802 0.062978 0.046232
8 0.401224 0.792679 0.083529 0.054435
10 0.308082 0.513422 0.041764 0.03281
1 0.346201 0.519388 0.019888 0.03281
7 0.403875 0.515286 0.096787 0.061891
1 0.433044 0.482104 0.026517 0.02237
10 0.435033 0.463089 0.030495 0.033556
24 0.243115 0.524607 0.051045 0.046232
0 0.16721 0.521625 0.059663 0.029827
0 0.160912 0.791188 0.068282 0.042504
10 0.307751 0.793797 0.03845 0.037284
10 0.430393 0.733397 0.042427 0.029827