0 0.146833 0.474635 0.048438 0.028082
0 0.146833 0.796222 0.046992 0.029894
0 0.708213 0.689329 0.043378 0.028082
0 0.710382 0.367742 0.049161 0.028082
0 0.793161 0.28123 0.023858 0.059788
2 0.794245 0.064272 0.069404 0.091494
1 0.336611 0.475541 0.013013 0.022647
1 0.424451 0.4307 0.031087 0.010871
1 0.424812 0.74957 0.021689 0.014494
1 0.334803 0.796222 0.016628 0.02627
24 0.229251 0.479618 0.05133 0.047106
10 0.293595 0.47373 0.025304 0.029894
10 0.293956 0.795317 0.03181 0.024459
24 0.229974 0.801658 0.054222 0.048012
7 0.363722 0.368648 0.045547 0.053447
7 0.364083 0.68797 0.041932 0.054353
7 0.392279 0.476447 0.083864 0.055259
7 0.391194 0.795317 0.080249 0.055259
10 0.424812 0.408959 0.026027 0.028988
10 0.424812 0.728734 0.024581 0.028988