2 0.535175 0.143874 0.046422 0.089483
7 0.238697 0.451191 0.030629 0.055136
7 0.238219 0.778845 0.029672 0.05604
0 0.091535 0.563723 0.029193 0.030732
0 0.092014 0.890925 0.031107 0.027116
0 0.474157 0.454806 0.031586 0.033443
0 0.535175 0.365323 0.014836 0.056944
0 0.473918 0.779749 0.032065 0.028924
24 0.146571 0.569146 0.034936 0.048809
24 0.147289 0.8968 0.032543 0.049713
10 0.191318 0.563271 0.018186 0.029828
10 0.191079 0.889569 0.017707 0.033443
10 0.280094 0.821779 0.014836 0.035251
10 0.279855 0.495481 0.014357 0.031636
1 0.220272 0.563723 0.011007 0.036155
1 0.221229 0.890473 0.01005 0.031636
1 0.279137 0.518529 0.012922 0.01627
1 0.281051 0.844828 0.019622 0.014462
7 0.258797 0.561463 0.056472 0.056944
7 0.25808 0.889569 0.055993 0.056944