7 0.095001 0.082799 0.159432 0.15361
7 0.335753 0.310033 0.232192 0.133613
7 0.601116 0.465461 0.04387 0.037266
2 0.869154 0.64952 0.070621 0.061808
2 0.941914 0.651792 0.070621 0.062716
0 0.781413 0.599528 0.04708 0.019997
0 0.782483 0.699965 0.04922 0.019088
0 0.50642 0.445464 0.01926 0.040902
0 0.540271 0.844637 0.02284 0.038804
1 0.540872 0.781837 0.026446 0.015317
1 0.507814 0.2151 0.027649 0.023486
1 0.698348 0.518381 0.024042 0.013275
1 0.507213 0.518381 0.01683 0.011233
1 0.737417 0.74048 0.010819 0.020423
44 0.535462 0.954411 0.051691 0.050036