2 0.148465 0.347464 0.037698 0.095565
2 0.610738 0.256187 0.039583 0.09679
2 0.611445 0.575962 0.035342 0.09924
3 0.333421 0.563097 0.024033 0.039206
3 0.333421 0.880421 0.024975 0.034305
3 0.690376 0.476109 0.023561 0.034305
3 0.69014 0.795883 0.024033 0.034305
0 0.611916 0.382994 0.013666 0.06616
0 0.610267 0.702156 0.013194 0.067385
7 0.442746 0.438128 0.029687 0.078412
7 0.441803 0.75484 0.029687 0.077187
42 0.442039 0.56371 0.056547 0.077187
42 0.442039 0.881034 0.05749 0.074737
1 0.405048 0.879809 0.008011 0.045332
1 0.404341 0.561872 0.010367 0.036756
1 0.464422 0.505513 0.011781 0.019603
1 0.463951 0.820387 0.017435 0.022053
43 0.539583 0.476721 0.023561 0.03308
43 0.539583 0.794046 0.024504 0.03308
1 0.987249 0.478559 0.012252 0.036756