3 0.17336 0.137378 0.024422 0.076278
1 0.171833 0.245741 0.018316 0.019372
0 0.174505 0.541771 0.029764 0.069013
0 0.3031 0.821456 0.044264 0.047219
0 0.407274 0.822061 0.043501 0.04843
0 0.815193 0.699169 0.045791 0.047219
0 0.816337 0.322624 0.051133 0.044798
0 0.405747 0.412826 0.046554 0.036323
0 0.303482 0.407377 0.043501 0.039955
24 0.464512 0.414642 0.052659 0.06417
24 0.467565 0.796635 0.052659 0.053273
1 0.543883 0.789371 0.012974 0.036323
1 0.617529 0.740335 0.019843 0.027847
1 0.706821 0.684035 0.019843 0.021794
1 0.708348 0.30749 0.019843 0.024215
1 0.54312 0.407983 0.016027 0.038744
1 0.616766 0.367422 0.024422 0.020583
1 0.273718 0.41222 0.012974 0.035112
1 0.274862 0.820245 0.015264 0.042376
2 0.301192 0.679192 0.061817 0.113811
2 0.364536 0.684035 0.060291 0.099282
2 0.299284 0.272378 0.068686 0.099282
2 0.365299 0.274194 0.063344 0.102914
7 0.360338 0.154934 0.068686 0.106547
7 0.359575 0.560538 0.065633 0.113811
7 0.588529 0.790582 0.076318 0.072645
7 0.591963 0.412826 0.075555 0.072645
7 0.756809 0.328073 0.041975 0.04843
7 0.755665 0.70038 0.044264 0.049641
7 0.212282 0.362579 0.111424 0.180403
7 0.213427 0.773631 0.104555 0.179192
1 0.17107 0.653766 0.025948 0.019372