0 0.108852 0.150367 0.019871 0.104488
0 0.19435 0.5 0.026669 0.048225
0 0.261285 0.503215 0.026669 0.048225
0 0.263115 0.915541 0.031376 0.046618
0 0.517518 0.394708 0.030853 0.049833
0 0.518825 0.799801 0.026146 0.053048
7 0.22834 0.184124 0.042357 0.136638
7 0.374759 0.50643 0.048632 0.086806
7 0.374759 0.914738 0.048632 0.093236
7 0.479606 0.800604 0.026146 0.080376
7 0.48039 0.397119 0.025623 0.073945
24 0.297367 0.508038 0.031898 0.0643
24 0.297105 0.920364 0.031376 0.075553
2 0.191474 0.333623 0.040788 0.120563
2 0.230432 0.336034 0.039219 0.122171
1 0.109375 0.298257 0.014642 0.027328
1 0.174741 0.504823 0.010459 0.035365
1 0.344691 0.504823 0.013596 0.04501
1 0.392016 0.44856 0.013073 0.02572
1 0.344691 0.91313 0.01255 0.04501
1 0.3928 0.859279 0.013596 0.024113
1 0.44823 0.786137 0.015688 0.02572
1 0.449538 0.374614 0.012027 0.035365