20 0.360051 0.229396 0.014674 0.049641
24 0.661688 0.921343 0.029892 0.055695
24 0.663591 0.652555 0.027175 0.043587
1 0.549729 0.648923 0.009239 0.021794
1 0.706526 0.65195 0.01087 0.030269
1 0.751092 0.61139 0.013044 0.016951
1 0.804626 0.560538 0.013587 0.016951
1 0.803811 0.825693 0.013044 0.016951
1 0.708428 0.914684 0.010326 0.03269
1 0.751364 0.876545 0.016848 0.019372
7 0.735331 0.915895 0.041305 0.061749
7 0.734788 0.647107 0.043479 0.06417
1 0.48913 0.50787 0.014131 0.018161
0 0.488858 0.417669 0.019022 0.058116
0 0.566306 0.651345 0.027175 0.036323
0 0.629622 0.645896 0.025544 0.037533
0 0.629622 0.909236 0.027718 0.046009
0 0.866856 0.570829 0.026088 0.039955
0 0.86903 0.840223 0.029348 0.046009
7 0.600002 0.432198 0.045653 0.099282
7 0.832344 0.576883 0.028805 0.044798
7 0.831801 0.83538 0.026631 0.053273
2 0.565491 0.535112 0.038588 0.082331
2 0.604894 0.535717 0.038044 0.085964
7 0.5125 0.605941 0.065219 0.146502