0 0.229028 0.121198 0.024714 0.071541
1 0.225277 0.229427 0.022507 0.02935
7 0.253742 0.339949 0.084734 0.15684
1 0.302729 0.394981 0.008826 0.024764
2 0.31972 0.272535 0.051635 0.108229
2 0.365617 0.262446 0.049869 0.089885
7 0.361425 0.148714 0.04678 0.088051
7 0.531555 0.389019 0.058696 0.069707
1 0.497793 0.399108 0.010592 0.036688
0 0.397613 0.397274 0.03354 0.040357
0 0.327002 0.394064 0.03001 0.041274
0 0.227042 0.516968 0.021625 0.070624
1 0.227704 0.618318 0.015005 0.02935
7 0.2597 0.729299 0.078114 0.165095
1 0.303612 0.782955 0.012357 0.017427
0 0.328105 0.788917 0.029569 0.042191
0 0.397393 0.784789 0.035747 0.035771
2 0.319279 0.650879 0.047221 0.087134
2 0.367383 0.646751 0.042808 0.071541
7 0.362528 0.530267 0.045456 0.097223
7 0.531555 0.754063 0.0534 0.073376
1 0.616068 0.296841 0.017653 0.028433
0 0.694402 0.313809 0.034864 0.044025
7 0.651153 0.311058 0.024273 0.034853
1 0.549649 0.343618 0.018094 0.024764
1 0.616509 0.642165 0.021183 0.044025
7 0.652256 0.662344 0.028245 0.055032
0 0.699477 0.667847 0.038836 0.055032
1 0.548766 0.702242 0.026038 0.024764
1 0.498676 0.747184 0.014122 0.035771
24 0.441525 0.760942 0.047221 0.055949
24 0.442849 0.399108 0.046339 0.080713