20 0.382923 0.265082 0.037482 0.047511
7 0.607376 0.460407 0.039246 0.079186
2 0.578492 0.553846 0.029986 0.080242
2 0.610021 0.557014 0.026899 0.076018
0 0.510804 0.437179 0.015434 0.060181
0 0.5818 0.664706 0.022489 0.042232
0 0.634716 0.667346 0.027781 0.028507
0 0.850128 0.601358 0.030868 0.046456
0 0.849246 0.841555 0.025576 0.053846
0 0.635598 0.915989 0.026899 0.050679
1 0.703066 0.92338 0.012788 0.029563
1 0.743194 0.881147 0.014552 0.033786
1 0.705711 0.664178 0.01367 0.028507
1 0.744958 0.631448 0.012788 0.024284
1 0.790377 0.577602 0.015434 0.02006
7 0.818158 0.591328 0.018962 0.041177
7 0.819261 0.848417 0.026458 0.042232
7 0.528883 0.615611 0.054239 0.1362
1 0.56394 0.663123 0.008819 0.02006
1 0.508599 0.530091 0.014552 0.024284
1 0.791039 0.841027 0.014993 0.035898
7 0.729744 0.919157 0.036159 0.044344
7 0.729303 0.669985 0.037041 0.059125