7 0.250973 0.167215 0.041578 0.113075
2 0.215366 0.312496 0.031405 0.111644
2 0.250531 0.316074 0.031847 0.110213
0 0.138623 0.152902 0.023001 0.078723
1 0.137739 0.284585 0.015924 0.035783
7 0.160961 0.41412 0.065021 0.194661
1 0.199222 0.487118 0.007077 0.048665
0 0.218241 0.49499 0.025655 0.052959
0 0.278839 0.495706 0.023885 0.091605
1 0.356246 0.492128 0.012385 0.06441
1 0.400699 0.434159 0.013712 0.031489
7 0.384775 0.485687 0.04379 0.088743
1 0.452893 0.358298 0.017251 0.022901
0 0.516366 0.374758 0.028309 0.072998
7 0.480096 0.384062 0.023001 0.051528
7 0.481865 0.778394 0.028309 0.06441
0 0.516808 0.766228 0.026539 0.071567
1 0.398487 0.827775 0.014597 0.037215
1 0.451123 0.758355 0.015481 0.038646
1 0.356688 0.880019 0.0115 0.035783
0 0.279724 0.890038 0.027424 0.072998
7 0.382564 0.884313 0.039367 0.101625
1 0.627389 0.582302 0.022116 0.087311
1 0.624071 0.711837 0.022558 0.08588