14 0.458447 0.320444 0.016379 0.036024
1 0.485138 0.319318 0.015165 0.033772
2 0.589172 0.216312 0.03397 0.066419
2 0.672581 0.232635 0.037003 0.074299
2 0.550955 0.578802 0.03397 0.066419
2 0.750227 0.578802 0.049136 0.075425
24 0.6468 0.718395 0.032757 0.03715
4 0.550349 0.662107 0.010919 0.03715
4 0.613133 0.71558 0.018805 0.031521
4 0.750834 0.665485 0.016379 0.03715
4 0.735365 0.322695 0.019412 0.029269
4 0.833637 0.321006 0.025478 0.030395
4 0.833637 0.219126 0.020625 0.033772
24 0.538217 0.324384 0.029117 0.03715
23 0.589172 0.307497 0.025478 0.066419
48 0.68987 0.698131 0.030331 0.077676
6 0.292842 0.716143 0.016379 0.039401
1 0.363816 0.718958 0.016379 0.040527
2 0.363209 0.650287 0.03943 0.072048
2 0.416288 0.654227 0.04125 0.077676
7 0.362299 0.551221 0.043676 0.078802
1 0.486048 0.715017 0.012132 0.034898
18 0.253412 0.715017 0.045496 0.084431
35 0.874886 0.716706 0.088565 0.270179
7 0.672581 0.321006 0.030937 0.057413
7 0.928571 0.323821 0.060055 0.067545
1 0.929178 0.644658 0.011526 0.040527
1 0.94677 0.60582 0.015165 0.025892
1 0.964058 0.632275 0.014559 0.036024
1 0.929178 0.762862 0.011526 0.036024
15 0.977707 0.927783 0.043069 0.079928