7 0.025985 0.3424 0.040483 0.073356
7 0.177645 0.07935 0.050151 0.074502
7 0.455589 0.271909 0.048942 0.079087
7 0.651056 0.439825 0.066465 0.075648
7 0.647733 0.694851 0.075528 0.065333
2 0.025683 0.433521 0.036254 0.06304
2 0.071906 0.432948 0.034441 0.064186
2 0.17976 0.169899 0.033837 0.069917
2 0.247736 0.173337 0.035649 0.06304
2 0.459215 0.365323 0.038066 0.071063
2 0.503625 0.363604 0.039879 0.067625
15 0.487915 0.09597 0.044713 0.068771
15 0.892445 0.795142 0.045317 0.068771
15 0.892747 0.54069 0.048338 0.073356
1 0.786705 0.435814 0.015106 0.035532
1 0.787309 0.69084 0.015106 0.029801
4 0.708458 0.688547 0.019335 0.032093
4 0.654078 0.600291 0.019335 0.032093
4 0.587311 0.69084 0.025982 0.036678
4 0.589123 0.435814 0.017523 0.035532
4 0.709666 0.439825 0.025377 0.03897
4 0.655588 0.348704 0.021148 0.028655
4 0.761328 0.434667 0.018731 0.033239
4 0.090335 0.268471 0.021752 0.026362