7 0.425286 0.385496 0.037661 0.104775
7 0.543735 0.522452 0.043735 0.127226
7 0.688303 0.595046 0.048594 0.116749
7 0.8025 0.593549 0.04252 0.098788
7 0.904245 0.601033 0.043128 0.0928
2 0.425894 0.583071 0.048594 0.077833
2 0.542216 0.727511 0.035838 0.08831
2 0.691037 0.797111 0.037053 0.086813
2 0.803411 0.794866 0.043128 0.094297
2 0.902726 0.794866 0.04252 0.08831
4 0.447154 0.843511 0.023082 0.035923
4 0.365151 0.694582 0.021867 0.040413
1 0.330527 0.693833 0.009719 0.029936
1 0.328705 0.837524 0.014578 0.044903
14 0.3038 0.691588 0.021867 0.058374
14 0.301978 0.837524 0.015793 0.050891