2 0.024758 0.486242 0.03744 0.087788
2 0.072162 0.485587 0.038043 0.083857
2 0.493659 0.40435 0.040459 0.078616
2 0.541667 0.403695 0.03744 0.079927
2 0.263587 0.160639 0.039251 0.083857
2 0.191425 0.165881 0.039855 0.086478
7 0.120169 0.577306 0.055556 0.131027
7 0.270833 0.573375 0.254227 0.655136
7 0.697766 0.492794 0.062198 0.066824
7 0.699879 0.805294 0.065217 0.065514
1 0.844203 0.489518 0.01087 0.031447
1 0.845713 0.805949 0.010266 0.030136
15 0.958937 0.616614 0.044686 0.099581
15 0.955616 0.941562 0.044082 0.083857
4 0.703804 0.695231 0.01872 0.023585
4 0.633454 0.804638 0.022947 0.035377
4 0.759662 0.805949 0.022947 0.030136
4 0.701993 0.380765 0.017512 0.031447
4 0.630435 0.488208 0.020531 0.031447
4 0.760568 0.489518 0.019928 0.031447
4 0.820652 0.488863 0.016908 0.035377
4 0.095109 0.279219 0.022343 0.04586
15 0.521739 0.060404 0.043478 0.077306