1 0.095738 0.592221 0.005538 0.022282
1 0.095184 0.722816 0.005169 0.02352
4 0.169207 0.722197 0.011445 0.024757
4 0.118443 0.592221 0.009599 0.019806
14 0.076171 0.594697 0.014398 0.029709
14 0.075248 0.723435 0.014029 0.047039
2 0.155178 0.493192 0.026212 0.081699
2 0.229569 0.619454 0.02289 0.084175
2 0.323897 0.678872 0.029166 0.091602
2 0.398658 0.683205 0.021413 0.082937
2 0.463081 0.683205 0.026212 0.070559
2 0.575315 0.695583 0.027689 0.085413
15 0.698624 0.931397 0.026212 0.09903
7 0.430065 0.199728 0.455052 0.159155
7 0.96352 0.197885 0.071365 0.202153