24 0.382543 0.299698 0.0312 0.048516
24 0.527988 0.730105 0.041293 0.044358
1 0.317391 0.297619 0.016517 0.022179
1 0.316473 0.723867 0.014682 0.031882
1 0.153135 0.731491 0.018353 0.030496
4 0.779878 0.180487 0.023858 0.040199
4 0.64728 0.296925 0.024776 0.020793
4 0.781255 0.295539 0.021106 0.02911
4 0.672974 0.671193 0.021106 0.034654
4 0.402272 0.66842 0.01927 0.031882
6 0.057242 0.728026 0.021106 0.031882
18 0.021454 0.728026 0.030282 0.084557
2 0.149005 0.548516 0.065152 0.091488
2 0.155888 0.656638 0.056893 0.077626
2 0.222875 0.65941 0.051387 0.074853
2 0.392637 0.582477 0.058729 0.073467
2 0.669303 0.578319 0.048635 0.073467
2 0.704632 0.297619 0.044046 0.074853
2 0.565152 0.209596 0.049552 0.07624
2 0.454577 0.183952 0.052305 0.074853
4 0.455495 0.297619 0.030282 0.027723
4 0.483483 0.723174 0.027529 0.030496
48 0.584881 0.710698 0.046799 0.102577
14 0.276097 0.298312 0.027529 0.034654
1 0.907429 0.647628 0.014682 0.026337
1 0.929911 0.610894 0.017435 0.019406
1 0.954228 0.634459 0.012847 0.027723
1 0.904676 0.775156 0.014682 0.034654
35 0.835395 0.723867 0.129386 0.306345
15 0.970952 0.955577 0.051799 0.084993
6 0.227463 0.725946 0.020188 0.030496