1 0.085017 0.048212 0.016704 0.038314
1 0.14609 0.048212 0.019836 0.038314
1 0.212122 0.052203 0.024534 0.049489
1 0.273456 0.051405 0.024012 0.041507
1 0.385945 0.054598 0.019314 0.038314
1 0.45015 0.053001 0.016182 0.041507
1 0.509396 0.053799 0.024012 0.046296
1 0.576211 0.054598 0.018792 0.0447
1 0.637023 0.050607 0.019314 0.052682
1 0.704099 0.053001 0.0261 0.047893
3 0.081885 0.515166 0.017748 0.068646
3 0.150788 0.519955 0.024012 0.078225
3 0.213166 0.526341 0.017226 0.068646
3 0.275805 0.530332 0.022446 0.070243
3 0.384118 0.527139 0.017748 0.070243
3 0.451716 0.532727 0.022446 0.075032
3 0.510179 0.528736 0.016182 0.063857
3 0.573079 0.527139 0.01566 0.070243
3 0.63624 0.53113 0.019836 0.071839
3 0.698879 0.53113 0.022968 0.075032
2 0.059439 0.608557 0.034451 0.102171
2 0.120512 0.606162 0.037583 0.100575
2 0.186283 0.622126 0.033407 0.094189
2 0.249183 0.62053 0.036017 0.094189
2 0.35854 0.624521 0.035495 0.105364
2 0.423528 0.618934 0.033929 0.094189
2 0.485906 0.619732 0.034451 0.105364
2 0.548023 0.618135 0.038627 0.098978
2 0.610662 0.618135 0.029232 0.098978
2 0.675389 0.614943 0.032363 0.098978
4 0.082146 0.717114 0.019314 0.079821
4 0.147917 0.708333 0.020358 0.071839
4 0.214471 0.71871 0.021924 0.060664
4 0.275283 0.723499 0.022446 0.073436
4 0.386989 0.721105 0.022446 0.068646
4 0.448845 0.712324 0.017748 0.076628
4 0.511223 0.715517 0.021402 0.063857
4 0.572818 0.719508 0.019314 0.078225
4 0.637284 0.722701 0.027144 0.075032
4 0.702533 0.717912 0.024012 0.078225