16 0.872984 0.23565 0.041667 0.114804
7 0.924059 0.038142 0.084677 0.037009
7 0.925403 0.07855 0.092742 0.034743
2 0.918011 0.121601 0.091398 0.031722
7 0.499328 0.441465 0.111559 0.03852
7 0.502016 0.485272 0.135753 0.037009
2 0.50336 0.524924 0.111559 0.033233
8 0.69422 0.189577 0.060484 0.022659
8 0.697581 0.230363 0.05914 0.02568
8 0.695565 0.272281 0.052419 0.032477
0 0.762097 0.188444 0.051075 0.027946
0 0.762097 0.229985 0.053763 0.024924
0 0.760753 0.27077 0.067204 0.035498
2 0.497984 0.442221 0.068548 0.021903
2 0.922043 0.04003 0.064516 0.024169
1 0.843414 0.191465 0.022849 0.015861
1 0.84543 0.235272 0.024194 0.01435
1 0.846102 0.27568 0.025538 0.013595