2 0.935048 0.214795 0.080718 0.082645
7 0.936829 0.305137 0.083092 0.072111
2 0.932971 0.390617 0.071816 0.06806
8 0.725537 0.564009 0.049855 0.048614
8 0.725537 0.649084 0.054604 0.042133
8 0.730285 0.739426 0.041546 0.06563
0 0.784888 0.56725 0.028489 0.027548
0 0.783108 0.659618 0.028489 0.03241
0 0.786075 0.75077 0.041546 0.052666
1 0.854924 0.558337 0.037985 0.053476
1 0.857594 0.639362 0.025521 0.061578
1 0.853143 0.751175 0.028489 0.042133
16 0.886677 0.661238 0.031456 0.259277
1 0.98431 0.487846 0.028489 0.048614