1 0.023613 0.067192 0.017307 0.036102
1 0.081081 0.461379 0.030176 0.033584
1 0.131671 0.454662 0.024851 0.031904
1 0.184701 0.469775 0.018195 0.030225
1 0.243279 0.462638 0.022632 0.046177
1 0.336915 0.463058 0.024407 0.028546
1 0.386839 0.457181 0.020413 0.041979
1 0.434544 0.45928 0.02352 0.049536
1 0.493565 0.469355 0.033283 0.046177
1 0.548815 0.465577 0.029289 0.057092
1 0.596742 0.465997 0.023964 0.032744
3 0.546374 0.709057 0.016419 0.036942
3 0.490459 0.708638 0.024407 0.039461
3 0.438316 0.710737 0.021301 0.036942
3 0.389279 0.714095 0.016419 0.0403
3 0.335805 0.714935 0.021301 0.045338
3 0.599626 0.712836 0.02707 0.037781
3 0.241948 0.711156 0.02352 0.051215
3 0.187808 0.709477 0.022632 0.054573
3 0.130783 0.702761 0.018638 0.042819
3 0.078862 0.705279 0.019526 0.047857
2 0.057118 0.756914 0.030176 0.045338
2 0.109039 0.755655 0.023076 0.057932
2 0.162513 0.760692 0.022632 0.047857
2 0.219981 0.766569 0.021301 0.051215
4 0.23862 0.811487 0.016863 0.033584
4 0.187586 0.808968 0.016863 0.033584
4 0.132559 0.804771 0.014201 0.030225
4 0.080194 0.807709 0.013313 0.029386
4 0.333586 0.810228 0.01065 0.04114
4 0.384398 0.811487 0.014644 0.052054
4 0.439204 0.80645 0.012426 0.033584
4 0.491346 0.809388 0.014644 0.031065
4 0.544599 0.812327 0.016419 0.036942
4 0.603842 0.809808 0.017751 0.035263
2 0.57411 0.759433 0.027514 0.050375
2 0.521079 0.76573 0.024407 0.068007
2 0.474705 0.761112 0.031064 0.041979
2 0.416571 0.759013 0.030176 0.04114
2 0.363319 0.761532 0.023076 0.04114
2 0.309845 0.763211 0.027958 0.049536
7 0.672848 0.09238 0.045708 0.093194