1 0.038692 0.473466 0.016356 0.025887
1 0.089275 0.472819 0.018174 0.02977
1 0.141676 0.475407 0.017568 0.032359
1 0.194985 0.476702 0.017568 0.022004
1 0.281916 0.477349 0.021808 0.023298
1 0.335528 0.477349 0.023626 0.028476
1 0.388232 0.47929 0.026049 0.027181
1 0.438512 0.475407 0.022414 0.024593
1 0.48849 0.480585 0.024232 0.024593
1 0.539982 0.478643 0.025443 0.031064
3 0.038692 0.741396 0.013933 0.044008
3 0.089275 0.738807 0.012116 0.041419
3 0.141676 0.747868 0.013933 0.033653
3 0.193168 0.746573 0.016356 0.03883
3 0.283733 0.750456 0.024232 0.044008
3 0.336134 0.745926 0.017568 0.037536
3 0.386717 0.749809 0.016962 0.042713
3 0.434575 0.748515 0.016962 0.053068
3 0.48637 0.750456 0.018779 0.046597
3 0.536044 0.747868 0.017568 0.041419
2 0.018398 0.795111 0.027866 0.058246
2 0.069587 0.79317 0.029684 0.054363
2 0.121685 0.798994 0.028472 0.053068
2 0.172571 0.800289 0.028472 0.053068
2 0.262228 0.804819 0.030895 0.054363
2 0.314023 0.801583 0.029078 0.053068
2 0.364 0.800936 0.024837 0.049185
2 0.416098 0.799641 0.029684 0.051774
2 0.466076 0.80223 0.026655 0.051774
2 0.515751 0.7977 0.027866 0.055657
13 0.02809 0.851415 0.037559 0.033653
13 0.079582 0.850768 0.039982 0.037536
13 0.133195 0.856593 0.036953 0.046597
13 0.183172 0.857887 0.039982 0.046597
13 0.27192 0.856593 0.039376 0.044008
13 0.324321 0.855946 0.039982 0.040125
13 0.37551 0.854651 0.035742 0.042713
13 0.425791 0.858534 0.040588 0.053068
13 0.476374 0.855946 0.039982 0.047891
13 0.524232 0.855946 0.036347 0.042713