0 0.745726 0.403836 0.032321 0.027633
0 0.744068 0.495579 0.038951 0.027633
0 0.744483 0.590085 0.034808 0.024317
8 0.691028 0.406046 0.037294 0.032055
8 0.68937 0.497237 0.038951 0.028739
8 0.691028 0.593401 0.033979 0.028739
1 0.824457 0.401625 0.014089 0.032055
1 0.825701 0.497789 0.01326 0.036476
1 0.824043 0.58898 0.014918 0.035371
1 0.953329 0.331436 0.009945 0.048635
7 0.89946 0.060628 0.076245 0.068531
7 0.900703 0.15016 0.075417 0.075163
2 0.898631 0.240798 0.07293 0.061899
16 0.847248 0.5 0.021548 0.235437