1 0.053268 0.061146 0.022473 0.036724
1 0.12008 0.05931 0.022473 0.036724
1 0.187804 0.065736 0.019436 0.042233
1 0.256742 0.073081 0.026118 0.042233
1 0.369108 0.066654 0.023688 0.044069
1 0.435313 0.069409 0.020044 0.045905
1 0.500607 0.069409 0.020651 0.042233
1 0.563472 0.070327 0.024903 0.040397
1 0.632106 0.067573 0.020044 0.03856
1 0.695275 0.070327 0.020044 0.044069
3 0.056912 0.539479 0.016399 0.089974
3 0.124332 0.552332 0.017614 0.075285
3 0.191448 0.554168 0.019436 0.078957
3 0.258868 0.557841 0.017007 0.082629
3 0.373056 0.555086 0.019436 0.077121
3 0.439565 0.560595 0.026118 0.069776
3 0.5 0.552332 0.023081 0.071612
3 0.570457 0.562431 0.029155 0.073448
3 0.631803 0.558759 0.023081 0.073448
3 0.701956 0.558759 0.029762 0.084466
2 0.027454 0.639552 0.042517 0.102828
2 0.093963 0.644142 0.034621 0.097319
2 0.160775 0.649651 0.037051 0.100992
2 0.228195 0.656996 0.035836 0.100992
2 0.34208 0.652405 0.036443 0.102828
2 0.407374 0.651487 0.035836 0.108336
2 0.473882 0.653324 0.037658 0.100992
2 0.538569 0.657914 0.037051 0.113845
2 0.603559 0.656996 0.033406 0.100992
2 0.668246 0.654242 0.032799 0.1065
4 0.058127 0.749725 0.018829 0.077121
4 0.122206 0.74238 0.014577 0.069776
4 0.190233 0.751561 0.020651 0.073448
4 0.258868 0.753397 0.021866 0.084466
4 0.372145 0.754315 0.020044 0.086302
4 0.440476 0.753397 0.019436 0.080793
4 0.504555 0.76166 0.022473 0.078957
4 0.571368 0.760742 0.026118 0.080793
4 0.637269 0.759824 0.02794 0.089974
4 0.701652 0.754315 0.024295 0.075285