27 0.150543 0.444827 0.151745 0.06412
27 0.144451 0.54138 0.158391 0.060392
27 0.131991 0.634205 0.153407 0.055173
27 0.144451 0.810909 0.152853 0.056664
27 0.133253 0.9672 0.152609 0.063557
8 0.709619 0.444827 0.041536 0.047717
8 0.712942 0.544735 0.047074 0.047717
8 0.704081 0.64017 0.043751 0.041753
0 0.765277 0.450419 0.050951 0.046972
0 0.770261 0.541753 0.04652 0.041753
0 0.763339 0.63756 0.048182 0.033551
2 0.913976 0.095893 0.075873 0.07605
2 0.912868 0.27968 0.089164 0.075304
16 0.869671 0.545853 0.031567 0.260209
1 0.966035 0.374742 0.026029 0.046226
1 0.841149 0.445945 0.021045 0.038025
1 0.842534 0.537652 0.017168 0.039516
1 0.839765 0.636442 0.022706 0.046226