1 0.216828 0.064765 0.072734 0.044563
1 0.428083 0.064765 0.073551 0.047534
1 0.636069 0.068108 0.05312 0.04085
1 0.848142 0.079248 0.084992 0.055704
3 0.20743 0.526367 0.052303 0.079471
3 0.421954 0.532308 0.035141 0.070559
3 0.633209 0.540107 0.063744 0.069816
3 0.844873 0.540478 0.050668 0.070559
2 0.760698 0.628862 0.130757 0.101753
2 0.547808 0.629605 0.116864 0.09284
2 0.33451 0.618835 0.123402 0.103981
2 0.120395 0.614008 0.11523 0.104724
2 0.216011 0.716132 0.066196 0.08467
2 0.419911 0.720217 0.049034 0.082442
2 0.633209 0.718731 0.050668 0.083928
2 0.846916 0.72393 0.049851 0.088384