1 0.063988 0.084044 0.031941 0.058843
1 0.136839 0.079985 0.030628 0.044639
1 0.210128 0.080493 0.02144 0.039567
1 0.287792 0.083536 0.020127 0.037538
1 0.360424 0.081 0.031503 0.040581
1 0.43415 0.082014 0.038941 0.075075
3 0.059394 0.501522 0.022752 0.078119
3 0.138371 0.509131 0.02144 0.062901
3 0.211222 0.510653 0.021002 0.063915
3 0.283416 0.504565 0.021877 0.065944
3 0.35758 0.510145 0.024065 0.077104
3 0.434369 0.506594 0.020127 0.084206
2 0.03161 0.583699 0.037191 0.088264
2 0.105118 0.589278 0.045067 0.099424
2 0.177531 0.586742 0.044629 0.094351
2 0.253226 0.588264 0.050755 0.089278
2 0.328483 0.587249 0.047255 0.099424
2 0.402209 0.592322 0.049442 0.089278
4 0.431743 0.66689 0.023627 0.070002
4 0.361299 0.676528 0.024502 0.071017
4 0.285823 0.680586 0.017939 0.081162
4 0.21144 0.674499 0.017064 0.075075
4 0.135964 0.669426 0.020127 0.073046
4 0.062895 0.670441 0.020127 0.071017
27 0.948263 0.850012 0.097572 0.081162