1 0.061428 0.053826 0.018945 0.029745
1 0.13555 0.057396 0.020366 0.034504
1 0.210619 0.055016 0.023681 0.032125
1 0.283319 0.056801 0.02226 0.030935
1 0.357677 0.055611 0.019418 0.040453
1 0.432036 0.054421 0.018471 0.030935
2 0.031827 0.608866 0.036469 0.097563
2 0.105712 0.608866 0.036469 0.095184
2 0.180544 0.608271 0.034574 0.093994
2 0.253718 0.607677 0.036942 0.092804
2 0.327839 0.607677 0.035521 0.090425
2 0.401014 0.608866 0.035995 0.095184
3 0.061192 0.516062 0.012788 0.052351
3 0.13555 0.513683 0.012788 0.052351
3 0.208961 0.513683 0.009946 0.049971
3 0.284266 0.516062 0.010893 0.05711
3 0.357441 0.516657 0.012314 0.044022
3 0.430852 0.516062 0.013261 0.049971
4 0.430378 0.698696 0.012314 0.065439
4 0.357441 0.693937 0.013261 0.06068
4 0.28403 0.696911 0.009472 0.05711
4 0.209198 0.698696 0.012314 0.063059
4 0.135076 0.698101 0.014682 0.061869
4 0.061192 0.693937 0.013735 0.063059