1 0.186595 0.482864 0.064725 0.01632
1 0.408874 0.48164 0.063022 0.017136
1 0.637966 0.486128 0.074945 0.021216
1 0.864503 0.48572 0.057912 0.023664
3 0.179782 0.747246 0.040879 0.029376
3 0.414836 0.746022 0.037472 0.026928
3 0.643928 0.751326 0.035769 0.026112
3 0.868762 0.751734 0.035769 0.02856
4 0.183189 0.848429 0.040879 0.03264
4 0.413984 0.850469 0.032362 0.031824
4 0.643076 0.854141 0.037472 0.031008
4 0.868762 0.854957 0.035769 0.034272
2 0.091211 0.797838 0.10901 0.052224
2 0.322006 0.799062 0.107307 0.051408
2 0.54684 0.80355 0.117527 0.050592
2 0.777636 0.804774 0.10901 0.054672