4 0.121699 0.800592 0.015163 0.079541
4 0.331111 0.559193 0.016732 0.044395
4 0.612941 0.764521 0.018824 0.051794
4 0.730588 0.645209 0.025098 0.061043
4 0.376863 0.389937 0.016209 0.075842
7 0.149076 0.051147 0.046163 0.102294
7 0.802745 0.302997 0.047059 0.09434
7 0.800915 0.426933 0.043399 0.101739
2 0.114118 0.18276 0.030327 0.105438
2 0.399085 0.299297 0.029281 0.09064
2 0.357516 0.5 0.035033 0.096189
2 0.759869 0.573992 0.029281 0.099889
2 0.805882 0.532371 0.044967 0.08694
6 0.695033 0.633185 0.016732 0.062893
2 0.642484 0.710877 0.031895 0.118387
3 0.33268 0.744173 0.012549 0.070292
7 0.127974 0.383463 0.016209 0.070292
7 0.13085 0.569367 0.012549 0.053644
2 0.149935 0.040326 0.027712 0.057344
2 0.798039 0.302997 0.029281 0.064743