2 0.176686 0.116232 0.065623 0.087165
2 0.504802 0.115627 0.065623 0.093218
2 0.913345 0.384385 0.058421 0.054478
2 0.913746 0.581717 0.059221 0.061742
6 0.166283 0.229425 0.020807 0.027844
6 0.489196 0.22761 0.024809 0.029055
30 0.267918 0.084756 0.036813 0.113799
30 0.598435 0.08294 0.044816 0.107746
28 0.282323 0.455207 0.020807 0.046004
28 0.606437 0.457628 0.020807 0.050846
7 0.916146 0.48971 0.08643 0.085954
7 0.915346 0.38378 0.089632 0.094429
6 0.285124 0.39407 0.020007 0.013317
6 0.607238 0.392254 0.022408 0.021791
28 0.676462 0.578085 0.02961 0.032687