2 0.119365 0.079925 0.031457 0.114841
2 0.154755 0.142382 0.029885 0.074546
2 0.193814 0.03963 0.026215 0.058428
2 0.637102 0.656143 0.028836 0.102752
2 0.750611 0.502015 0.026215 0.112826
2 0.79203 0.446609 0.031457 0.094693
2 0.78967 0.207862 0.026739 0.056413
2 0.105209 0.659165 0.031457 0.104767
2 0.358442 0.424447 0.027263 0.106782
2 0.398812 0.213906 0.030409 0.100737
7 0.137977 0.299533 0.013107 0.082605
7 0.194796 0.048525 0.037883 0.09705
7 0.790195 0.208869 0.044565 0.126929
4 0.126443 0.742777 0.012059 0.082605
4 0.331965 0.490934 0.016253 0.050369
4 0.377316 0.308599 0.020972 0.08059
4 0.720464 0.565479 0.022544 0.062457
4 0.607217 0.723637 0.020447 0.048354
3 0.33747 0.681327 0.020972 0.08059