2 0.200099 0.115487 0.026078 0.126324
2 0.231393 0.18419 0.029208 0.095297
2 0.268164 0.08446 0.023471 0.073135
2 0.458535 0.250676 0.031816 0.113027
2 0.818938 0.251784 0.024514 0.057622
2 0.818417 0.493351 0.033902 0.093081
2 0.782689 0.545432 0.025035 0.113027
2 0.676811 0.705 0.028165 0.113027
2 0.421504 0.466757 0.0266 0.101946
2 0.184974 0.712757 0.032337 0.110811
4 0.206619 0.800297 0.015125 0.086432
4 0.395426 0.539892 0.022427 0.057622
4 0.647603 0.777027 0.025035 0.053189
4 0.754264 0.613027 0.016169 0.066486
6 0.724535 0.620784 0.008867 0.050973
4 0.437934 0.354838 0.017733 0.090865
7 0.214181 0.338216 0.013561 0.070919
3 0.400642 0.740459 0.013039 0.073135
7 0.821285 0.255108 0.038596 0.126324
7 0.267381 0.083352 0.041725 0.115243