2 0.354696 0.093719 0.013754 0.054985
2 0.379098 0.129154 0.026177 0.037879
2 0.409934 0.0815 0.028395 0.072092
2 0.338502 0.393695 0.027508 0.058651
2 0.555903 0.160924 0.022184 0.062317
4 0.541484 0.214076 0.011092 0.036657
2 0.527952 0.268451 0.019522 0.04521
4 0.506655 0.302053 0.01331 0.043988
2 0.21272 0.430963 0.024402 0.054985
2 0.103132 0.434629 0.02174 0.054985
2 0.350855 0.603609 0.024997 0.048354
7 0.349963 0.663028 0.029164 0.054091
2 0.35279 0.722446 0.02589 0.041798
4 0.360973 0.436008 0.006547 0.032783
3 0.509469 0.406914 0.007737 0.035241
4 0.704508 0.429595 0.01328 0.01463
2 0.72891 0.392565 0.020252 0.074062
2 0.841887 0.160441 0.02209 0.056593
7 0.839061 0.222694 0.027741 0.050934
2 0.838805 0.29202 0.02209 0.039615
2 0.810293 0.321024 0.020549 0.058008
4 0.788973 0.345076 0.013871 0.029711
4 0.352303 0.765988 0.012843 0.033956
4 0.137307 0.611771 0.014384 0.022637