2 0.328874 0.112276 0.023817 0.12882
2 0.35434 0.182776 0.019197 0.080165
2 0.385535 0.077416 0.031995 0.112231
2 0.319546 0.698122 0.024796 0.103069
4 0.337743 0.814934 0.009198 0.075584
4 0.479919 0.530921 0.015197 0.061842
4 0.510914 0.341961 0.015597 0.091617
2 0.495117 0.44503 0.021596 0.132845
2 0.528111 0.254924 0.021196 0.091617
4 0.673887 0.775996 0.013598 0.075584
2 0.692484 0.716445 0.015597 0.093907
4 0.752074 0.628264 0.013198 0.050389
2 0.77407 0.559551 0.019597 0.119102
2 0.800865 0.504581 0.027595 0.100779
7 0.800665 0.376317 0.024796 0.091617
2 0.798066 0.242327 0.027595 0.121393
3 0.481719 0.73935 0.012398 0.075584