7 0.60756 0.046317 0.037676 0.077626
7 0.447739 0.166207 0.040107 0.072451
7 0.489669 0.167069 0.036461 0.074176
7 0.530992 0.166207 0.038892 0.079351
7 0.571099 0.165344 0.038892 0.081076
7 0.609383 0.162757 0.038892 0.082801
7 0.446524 0.684578 0.042538 0.081076
7 0.489366 0.687166 0.035853 0.079351
7 0.530992 0.685441 0.040107 0.089702
7 0.570795 0.682853 0.040715 0.081076
7 0.610598 0.685441 0.037676 0.086252
7 0.608471 0.562101 0.032207 0.094877
2 0.687166 0.237795 0.044968 0.074176
2 0.686558 0.757892 0.042538 0.075901
3 0.565022 0.368035 0.026738 0.051751
3 0.746111 0.36631 0.026738 0.051751
3 0.745807 0.885544 0.028561 0.048301
3 0.561983 0.884682 0.023092 0.046576
4 0.68747 0.318872 0.010331 0.036226
4 0.68747 0.841556 0.010331 0.036226
5 0.643717 0.364585 0.04193 0.141452
5 0.642805 0.882957 0.040107 0.122477
8 0.705092 0.367173 0.022484 0.046576
8 0.703877 0.888994 0.020053 0.037951
7 0.640982 0.255046 0.019446 0.060376
7 0.641894 0.782905 0.021269 0.053476
6 0.606952 0.363723 0.010938 0.043126
6 0.678658 0.36286 0.008508 0.034501
6 0.60604 0.882957 0.0079 0.036226
6 0.679874 0.886407 0.008508 0.043126
1 0.616371 0.36286 0.005469 0.02415
1 0.669543 0.360273 0.007292 0.022425
1 0.616067 0.886407 0.009723 0.025875
1 0.672885 0.886407 0.012761 0.022425