7 0.597529 0.116761 0.032206 0.077111
7 0.441969 0.220089 0.040713 0.067857
7 0.481466 0.22086 0.034637 0.075568
7 0.52066 0.219318 0.03646 0.078653
7 0.558943 0.217776 0.03889 0.081737
7 0.598441 0.217004 0.040105 0.089448
7 0.442272 0.677354 0.037675 0.084822
7 0.481466 0.678896 0.037067 0.078653
7 0.52066 0.677354 0.03646 0.072484
7 0.558639 0.676583 0.038283 0.074026
7 0.596922 0.675812 0.038283 0.072484
7 0.597833 0.574026 0.030383 0.069399
2 0.672271 0.287175 0.04922 0.060146
2 0.673487 0.734416 0.037067 0.078653
3 0.554993 0.397443 0.023699 0.02776
3 0.728784 0.396672 0.023699 0.038555
3 0.556208 0.849311 0.026129 0.040097
3 0.727872 0.849311 0.026737 0.040097
4 0.673487 0.811526 0.011546 0.032386
4 0.674398 0.357346 0.007292 0.033929
8 0.690501 0.398214 0.020053 0.020049
8 0.690501 0.849311 0.018837 0.033929
5 0.630039 0.850082 0.042536 0.103328
5 0.631558 0.39513 0.043144 0.100244
7 0.628216 0.306453 0.021876 0.049351
7 0.630039 0.757549 0.019445 0.053977
20 0.860038 0.897119 0.027345 0.046266
6 0.039395 0.217776 0.01823 0.047809
6 0.065828 0.22086 0.011546 0.032386
6 0.092869 0.220089 0.017014 0.043182
6 0.119909 0.219318 0.016407 0.035471
6 0.14452 0.221631 0.021876 0.043182
6 0.172472 0.22086 0.02066 0.032386
6 0.594491 0.39513 0.006684 0.032386
6 0.666499 0.396672 0.007292 0.032386
6 0.593883 0.849311 0.0079 0.033929
6 0.665587 0.850853 0.009115 0.024675
1 0.603606 0.398985 0.009115 0.021591
1 0.657384 0.396672 0.009723 0.023133
1 0.603606 0.849311 0.006684 0.024675
1 0.656776 0.850082 0.006077 0.020049