7 0.350853 0.24581 0.034488 0.071836
7 0.383829 0.242126 0.030253 0.068153
7 0.415897 0.244889 0.033883 0.077362
7 0.44857 0.246731 0.035093 0.069994
7 0.481546 0.246731 0.033278 0.08473
3 0.445242 0.41527 0.021177 0.038681
3 0.444637 0.86655 0.015126 0.046049
3 0.588339 0.865629 0.020572 0.036839
3 0.589246 0.417112 0.019967 0.049733
7 0.35176 0.694327 0.031463 0.077362
7 0.383526 0.694327 0.030858 0.069994
7 0.416804 0.695248 0.033278 0.064469
7 0.448267 0.690643 0.032068 0.062627
7 0.480033 0.695248 0.033883 0.071836
5 0.507866 0.417112 0.033883 0.116043
5 0.507563 0.864708 0.038119 0.11236
7 0.506353 0.329619 0.016337 0.058943
7 0.506958 0.777215 0.015126 0.047891
2 0.543867 0.304752 0.033278 0.071836
2 0.542959 0.756032 0.041144 0.082888
4 0.543867 0.379352 0.012706 0.029471
4 0.543564 0.82879 0.012101 0.033155
4 0.827337 0.581046 0.012101 0.034997
8 0.557783 0.418954 0.018757 0.034997
8 0.556876 0.868392 0.019362 0.031313
13 0.741116 0.581967 0.022387 0.139989
2 0.771672 0.561706 0.027833 0.088414
2 0.825522 0.515657 0.035093 0.066311
7 0.826127 0.316725 0.037514 0.077362
7 0.823707 0.411586 0.047195 0.079204
18 0.953492 0.61236 0.028438 0.104992
7 0.480941 0.593019 0.029648 0.08473
7 0.480941 0.138976 0.023597 0.079204
6 0.477008 0.418033 0.008471 0.044207
6 0.536606 0.416191 0.004235 0.025787
6 0.478218 0.863787 0.006051 0.040523
6 0.536909 0.863787 0.009681 0.022104
1 0.485479 0.416191 0.00484 0.029471
1 0.529648 0.417112 0.006051 0.020262
1 0.485176 0.864708 0.006656 0.016578
1 0.529345 0.867471 0.007866 0.01842