2 0.252765 0.132074 0.066063 0.053896
2 0.323332 0.130424 0.065062 0.054996
2 0.387393 0.129874 0.06306 0.058296
2 0.448952 0.128774 0.062059 0.060496
2 0.515515 0.127124 0.065062 0.059396
2 0.639633 0.174971 0.065062 0.053896
2 0.254267 0.458203 0.065062 0.059396
2 0.323332 0.461503 0.061058 0.061596
2 0.386893 0.457103 0.064061 0.059396
2 0.452455 0.457653 0.059056 0.056096
2 0.518518 0.458203 0.069066 0.059396
2 0.641635 0.5 0.069066 0.057196
2 0.254267 0.785431 0.067064 0.056096
2 0.32083 0.784881 0.066063 0.059396
2 0.38439 0.783232 0.061058 0.058296
2 0.450953 0.784332 0.062059 0.058296
2 0.517517 0.787631 0.069066 0.060496
2 0.641635 0.829429 0.067064 0.051697
3 0.445448 0.252516 0.039037 0.026398
3 0.733722 0.255266 0.039037 0.029698
3 0.442445 0.579745 0.043041 0.034098
3 0.733722 0.581945 0.041039 0.027498
3 0.443947 0.905324 0.040038 0.031898
3 0.734723 0.913573 0.045043 0.021999
8 0.671163 0.908623 0.034032 0.023098
8 0.673165 0.582495 0.03203 0.019799
8 0.669161 0.251966 0.036034 0.025298
4 0.638131 0.226118 0.018017 0.017599
4 0.640634 0.552247 0.019018 0.025298
4 0.642636 0.881675 0.017016 0.021999
6 0.513012 0.256916 0.016015 0.032998
6 0.629623 0.256916 0.017016 0.028598
6 0.509009 0.581945 0.026025 0.025298
6 0.628122 0.584145 0.020019 0.025298
6 0.51051 0.908073 0.017016 0.032998
6 0.629123 0.913573 0.018017 0.024198
1 0.529028 0.255266 0.014013 0.023098
1 0.61561 0.256916 0.015014 0.026398
1 0.528527 0.581945 0.013012 0.027498
1 0.612107 0.583595 0.01001 0.026398
1 0.528027 0.909723 0.014013 0.027498
1 0.614609 0.911373 0.017016 0.032998
5 0.571068 0.251416 0.070067 0.079195
5 0.572068 0.583045 0.062059 0.082495
5 0.572068 0.913573 0.064061 0.076995
20 0.957435 0.946571 0.026025 0.026398