2 0.118361 0.157165 0.047572 0.060533
2 0.164158 0.157165 0.044022 0.067136
2 0.210665 0.157715 0.043312 0.068237
2 0.253621 0.159366 0.041181 0.064935
2 0.297998 0.155514 0.048992 0.066036
2 0.384976 0.197887 0.045442 0.058331
2 0.118716 0.471935 0.048282 0.067136
2 0.165933 0.470284 0.041892 0.061633
2 0.2096 0.469734 0.041181 0.060533
2 0.252556 0.468633 0.041892 0.060533
2 0.298353 0.468083 0.046862 0.066036
2 0.382491 0.515408 0.040471 0.052829
2 0.119071 0.787255 0.047572 0.059432
2 0.165223 0.783403 0.039051 0.058331
2 0.21031 0.783953 0.042602 0.061633
2 0.252556 0.785604 0.041892 0.064935
2 0.302613 0.785604 0.051122 0.067136
2 0.383911 0.830178 0.048992 0.059432
2 0.700582 0.375083 0.039051 0.064935
2 0.775135 0.346467 0.050412 0.047326
2 0.773715 0.208893 0.050412 0.067136
18 0.944476 0.419106 0.049702 0.064935
3 0.248651 0.276029 0.028401 0.027515
3 0.448523 0.27823 0.031951 0.023112
3 0.247586 0.593551 0.027691 0.03742
3 0.447458 0.5919 0.022721 0.029716
3 0.249361 0.90832 0.029821 0.028615
3 0.450298 0.909971 0.029821 0.038521
1 0.30779 0.277738 0.007917 0.029999
1 0.365409 0.274329 0.012315 0.028635
1 0.307351 0.592723 0.012315 0.035453
1 0.36409 0.594086 0.009676 0.027271
1 0.306471 0.913843 0.008797 0.039543
1 0.36453 0.913161 0.010556 0.029999
6 0.295475 0.277057 0.013195 0.028635
6 0.379044 0.276375 0.011436 0.029999
6 0.295475 0.596813 0.014955 0.040907
6 0.377725 0.593404 0.012315 0.036816
6 0.294595 0.913161 0.013195 0.029999
6 0.376845 0.910434 0.010556 0.035453
8 0.403675 0.277057 0.020233 0.028635
8 0.403675 0.911798 0.029029 0.024544
8 0.404115 0.59545 0.019353 0.021817
4 0.384762 0.251149 0.012315 0.020454
4 0.385202 0.567497 0.011436 0.020454
4 0.385202 0.885208 0.009676 0.025908
4 0.661861 0.422277 0.033428 0.03818
4 0.77182 0.394323 0.021112 0.034089
5 0.33594 0.913161 0.041345 0.092723
5 0.33638 0.597495 0.042225 0.074996
5 0.338579 0.277057 0.041345 0.077723