2 0.264106 0.398727 0.063022 0.149937
2 0.33041 0.415167 0.071337 0.172296
2 0.396495 0.418455 0.070462 0.152567
2 0.462581 0.404645 0.061709 0.211753
2 0.52429 0.410564 0.070462 0.178872
8 0.577027 0.575626 0.02976 0.080229
2 0.652741 0.526962 0.073526 0.198601
4 0.652303 0.68216 0.011379 0.059186
20 0.962817 0.838673 0.049455 0.127578
3 0.745085 0.74858 0.054269 0.060501
3 0.451639 0.752525 0.052956 0.076284
5 0.576589 0.751868 0.0709 0.206492
1 0.625168 0.7374 0.020132 0.064447
1 0.539826 0.761074 0.025384 0.08549
8 0.678781 0.756471 0.0372 0.060501