2 0.271417 0.417433 0.070434 0.170376
2 0.338789 0.418744 0.070434 0.165133
2 0.403973 0.416123 0.067809 0.154649
2 0.46347 0.415467 0.076559 0.153338
2 0.529967 0.424642 0.068684 0.184792
7 0.580934 0.581911 0.029749 0.103536
2 0.65618 0.532109 0.069997 0.200519
4 0.655524 0.678239 0.010937 0.060287
3 0.74302 0.750976 0.038061 0.072082
3 0.458002 0.755563 0.037623 0.049802
1 0.541561 0.749666 0.012249 0.051113
1 0.626213 0.755563 0.014437 0.08912
8 0.686366 0.750976 0.047248 0.079945
5 0.584652 0.748355 0.068684 0.205761