2 0.144602 0.355592 0.083443 0.159903
2 0.220399 0.351873 0.083006 0.19461
2 0.295979 0.361789 0.086501 0.172298
2 0.373088 0.358691 0.086938 0.180975
2 0.451507 0.357451 0.082133 0.166101
7 0.510922 0.542765 0.034076 0.090488
2 0.596986 0.487604 0.085628 0.188413
4 0.598297 0.648747 0.016601 0.079332
20 0.962215 0.817327 0.039319 0.158663
3 0.701181 0.731177 0.044124 0.090488
8 0.624073 0.740474 0.054173 0.086769
1 0.565094 0.742333 0.016601 0.078092
5 0.517038 0.72312 0.085628 0.233037
1 0.463302 0.742333 0.023591 0.070655
3 0.363039 0.736136 0.052862 0.08305