2 0.159056 0.333013 0.072942 0.141769
2 0.233645 0.333013 0.073412 0.144495
2 0.310351 0.335739 0.07153 0.139042
2 0.384705 0.334376 0.073412 0.144495
2 0.460706 0.333695 0.072942 0.143132
7 0.521412 0.514995 0.022118 0.083153
2 0.60706 0.466603 0.073883 0.139042
3 0.377881 0.716742 0.032471 0.058616
3 0.715531 0.716061 0.032941 0.049074
20 0.971534 0.823069 0.040471 0.085879
4 0.608236 0.6295 0.011294 0.061342
8 0.640001 0.72015 0.033412 0.062705
6 0.459294 0.713334 0.020235 0.070884
6 0.589413 0.712653 0.018824 0.064068
1 0.475529 0.715379 0.012235 0.05589
1 0.575765 0.718105 0.008471 0.061342
5 0.524941 0.716061 0.073412 0.212653