2 0.163893 0.370629 0.069539 0.137542
2 0.235088 0.365862 0.070012 0.130733
2 0.309121 0.368586 0.070485 0.13618
2 0.38079 0.368586 0.069066 0.138904
2 0.452931 0.368586 0.070485 0.13618
5 0.51632 0.733549 0.070485 0.206994
3 0.374167 0.733549 0.031222 0.054472
3 0.699157 0.732869 0.032168 0.050387
8 0.626543 0.736273 0.033587 0.059919
6 0.452694 0.731507 0.018922 0.072176
6 0.579001 0.731507 0.017976 0.066728
1 0.466649 0.730826 0.01088 0.057196
1 0.565045 0.731507 0.009934 0.04494
7 0.512536 0.540173 0.022234 0.076261
2 0.595321 0.495234 0.069539 0.13618
4 0.595084 0.647075 0.010407 0.047663