20 0.957514 0.783349 0.035048 0.075024
2 0.161837 0.31512 0.072937 0.146028
2 0.234538 0.31579 0.071516 0.133971
2 0.308659 0.31646 0.070095 0.143349
2 0.382306 0.317799 0.071516 0.127272
2 0.455954 0.318469 0.07199 0.13933
2 0.599696 0.444402 0.074358 0.142009
3 0.376149 0.681531 0.03268 0.061627
3 0.70555 0.68421 0.035048 0.056268
8 0.630482 0.676172 0.036469 0.053588
4 0.599933 0.600478 0.01042 0.054928
7 0.516103 0.491292 0.024628 0.085741
6 0.454296 0.68287 0.019418 0.069665
6 0.583357 0.68421 0.017997 0.069665
1 0.469215 0.681531 0.009472 0.050909
1 0.568438 0.676842 0.01184 0.054928
5 0.519181 0.678181 0.070569 0.204976