2 0.266652 0.336547 0.06546 0.136734
2 0.333525 0.337333 0.06546 0.144593
2 0.40181 0.337333 0.064518 0.141449
2 0.468683 0.337333 0.064518 0.144593
2 0.535085 0.336547 0.06546 0.149308
2 0.66624 0.474853 0.066873 0.143021
4 0.666004 0.632805 0.008006 0.050293
7 0.589713 0.520432 0.02025 0.080155
3 0.461854 0.730248 0.032024 0.05658
3 0.760426 0.728677 0.03014 0.050293
8 0.694731 0.723962 0.031553 0.059723
6 0.534143 0.72239 0.017425 0.078583
6 0.650463 0.724747 0.016483 0.067581
1 0.547329 0.728677 0.007064 0.04715
1 0.637748 0.726319 0.00989 0.051865
5 0.592539 0.727105 0.06546 0.223176