2 0.156585 0.333218 0.069911 0.137101
2 0.230039 0.329684 0.072273 0.146994
2 0.304674 0.333925 0.072273 0.144168
2 0.3786 0.334631 0.070856 0.139927
2 0.451346 0.328978 0.069911 0.139927
2 0.595419 0.468905 0.071801 0.145581
4 0.595419 0.63074 0.010392 0.050883
3 0.372459 0.719078 0.032121 0.063603
3 0.70005 0.719785 0.033539 0.053709
8 0.626832 0.716958 0.032594 0.059363
7 0.51299 0.514134 0.023146 0.080564
6 0.451346 0.714838 0.017005 0.072084
6 0.578178 0.715545 0.016533 0.056536
1 0.465753 0.716251 0.012754 0.055123
1 0.564007 0.711304 0.010865 0.053709
5 0.513699 0.714131 0.071801 0.214838