2 0.249375 0.347012 0.065381 0.139786
2 0.316887 0.346235 0.064907 0.147552
2 0.386295 0.346235 0.064433 0.141339
2 0.45286 0.343129 0.063959 0.150659
2 0.521083 0.344682 0.063959 0.144446
2 0.653502 0.483692 0.068223 0.149105
3 0.446938 0.735307 0.030321 0.059021
3 0.750625 0.73686 0.028426 0.062127
4 0.65516 0.645999 0.009002 0.054361
5 0.580778 0.736083 0.065854 0.215892
6 0.521083 0.730647 0.01753 0.062127
6 0.637868 0.733754 0.014213 0.062127
7 0.576751 0.532617 0.021794 0.085425
1 0.533875 0.732201 0.010897 0.049702
1 0.624602 0.733754 0.011371 0.062127
8 0.682876 0.732977 0.032216 0.06368