7 0.312207 0.126258 0.069626 0.054694
7 0.373987 0.12565 0.053935 0.05834
7 0.429884 0.126258 0.057858 0.066848
7 0.487742 0.124435 0.065703 0.060771
7 0.551974 0.12565 0.0608 0.068064
7 0.306814 0.459891 0.068645 0.05834
7 0.370555 0.456245 0.056877 0.063202
7 0.433316 0.454422 0.0608 0.054694
7 0.491665 0.459283 0.059819 0.061986
7 0.553445 0.458676 0.057858 0.065633
7 0.313188 0.796563 0.067664 0.060771
7 0.374478 0.795347 0.056877 0.060771
7 0.433316 0.798386 0.056877 0.061986
7 0.492155 0.795347 0.056877 0.060771
7 0.553445 0.796563 0.057858 0.065633
2 0.31613 0.129297 0.048051 0.036463
2 0.373007 0.124435 0.048051 0.041324
2 0.432336 0.126866 0.04511 0.041324
2 0.488723 0.128081 0.04609 0.043755
2 0.547071 0.129904 0.04511 0.044971
2 0.309755 0.46293 0.050993 0.037678
2 0.371046 0.465968 0.050013 0.043755
2 0.431355 0.461714 0.049032 0.04254
2 0.491174 0.466576 0.050993 0.049832
2 0.550503 0.465968 0.053935 0.048617
2 0.311717 0.79717 0.056877 0.04254
2 0.373987 0.797778 0.04609 0.041324
2 0.433807 0.798994 0.048051 0.041324
2 0.491665 0.79717 0.04609 0.044971
2 0.550503 0.79474 0.050013 0.04254
2 0.66867 0.838495 0.072568 0.061986
2 0.665729 0.506685 0.064722 0.066848
2 0.660825 0.171836 0.066684 0.060771
3 0.483329 0.252054 0.041187 0.031601
3 0.750554 0.2557 0.048051 0.026739
3 0.48529 0.583864 0.043148 0.02917
3 0.748102 0.592372 0.039226 0.038893
3 0.487252 0.923574 0.047071 0.032816
3 0.749083 0.926613 0.037264 0.026739
6 0.546581 0.256308 0.022555 0.027955
6 0.655432 0.2557 0.020593 0.019447
6 0.548051 0.589941 0.01569 0.031601
6 0.65347 0.589941 0.020593 0.024308
6 0.547071 0.922967 0.017652 0.031601
6 0.653961 0.924182 0.013729 0.021878
4 0.66769 0.896835 0.021574 0.018231
4 0.66867 0.565025 0.021574 0.023093
4 0.665729 0.223492 0.021574 0.023093
8 0.690735 0.253877 0.044129 0.025524
8 0.691225 0.595411 0.031381 0.025524
8 0.691225 0.927221 0.033342 0.020662
5 0.600025 0.92479 0.062761 0.079002
5 0.601006 0.589941 0.058839 0.082649
5 0.602477 0.254485 0.065703 0.08751