2 0.24854 0.164896 0.031405 0.036353
2 0.276407 0.160235 0.026982 0.051268
2 0.3056 0.163497 0.029636 0.054064
2 0.332803 0.161633 0.028309 0.048471
2 0.365534 0.162565 0.035386 0.055928
2 0.413747 0.198453 0.041578 0.056861
4 0.422373 0.24972 0.011058 0.017711
3 0.463951 0.27582 0.020789 0.032625
8 0.434979 0.273024 0.016808 0.025168
5 0.384333 0.276752 0.036713 0.077368
5 0.389199 0.561055 0.029636 0.069911
5 0.390525 0.839299 0.026982 0.059657
3 0.328379 0.270227 0.020347 0.030761
2 0.242348 0.449664 0.034059 0.046607
2 0.27508 0.451529 0.027866 0.059657
2 0.306042 0.449198 0.027866 0.058725
2 0.333245 0.4478 0.029193 0.055928
2 0.363765 0.448732 0.031847 0.070843
8 0.433652 0.558259 0.017693 0.030761
3 0.462624 0.556861 0.017251 0.027964
20 0.837712 0.221756 0.037597 0.056861
8 0.431661 0.843028 0.016366 0.018643
3 0.465941 0.844892 0.021231 0.046607
3 0.332803 0.559014 0.020316 0.041657
1 0.368768 0.556121 0.008785 0.0405
1 0.409126 0.556121 0.008236 0.031243
2 0.420108 0.486114 0.026905 0.041657
2 0.420657 0.774242 0.04228 0.060171
1 0.411597 0.276093 0.009884 0.028928
1 0.367395 0.265679 0.009335 0.0243
20 0.566989 0.871442 0.031847 0.055543