7 0.140487 0.234955 0.050447 0.085455
7 0.429495 0.146162 0.048624 0.073438
7 0.474776 0.146162 0.041938 0.073438
7 0.516411 0.150168 0.043762 0.08145
7 0.557437 0.146162 0.040723 0.08679
7 0.600287 0.143491 0.043762 0.08679
7 0.600287 0.052695 0.029174 0.060086
2 0.678997 0.20825 0.049232 0.074773
7 0.137144 0.319075 0.035252 0.066762
2 0.137752 0.39919 0.053486 0.05608
7 0.214942 0.31774 0.044977 0.085455
6 0.268125 0.767048 0.017626 0.033381
6 0.295476 0.767715 0.017626 0.040057
6 0.322827 0.767715 0.020057 0.042728
3 0.552879 0.307726 0.024312 0.036051
3 0.738865 0.307058 0.024312 0.042728
8 0.696319 0.309729 0.024312 0.040057
4 0.677173 0.269004 0.012764 0.033381
5 0.63402 0.305055 0.044369 0.102813
7 0.6325 0.224273 0.023096 0.048069
20 0.953418 0.367811 0.03039 0.041392
6 0.594817 0.307058 0.009725 0.045398
6 0.672311 0.308393 0.009117 0.037387
1 0.605757 0.305723 0.007294 0.024034
1 0.660763 0.304388 0.006686 0.018693