7 0.177761 0.186276 0.037767 0.084931
7 0.214919 0.187143 0.036549 0.086664
7 0.252382 0.188876 0.034721 0.079731
7 0.288321 0.187143 0.03594 0.090131
7 0.325175 0.183676 0.040204 0.093597
7 0.322434 0.076212 0.037158 0.093597
7 0.178675 0.662062 0.037158 0.086664
7 0.216442 0.662929 0.034721 0.084931
7 0.252991 0.668128 0.033503 0.088397
7 0.289235 0.666395 0.031676 0.095331
7 0.327916 0.663795 0.045686 0.093597
7 0.324566 0.549399 0.037767 0.086664
2 0.395227 0.249541 0.040204 0.083198
2 0.395836 0.726193 0.04264 0.086664
3 0.285276 0.370004 0.020102 0.046799
3 0.447613 0.366537 0.020711 0.050265
3 0.281621 0.846656 0.02863 0.039865
3 0.449441 0.84579 0.029239 0.058932
8 0.411369 0.371737 0.020102 0.039865
8 0.411369 0.844923 0.024975 0.043332
4 0.395531 0.329272 0.007919 0.034666
4 0.39614 0.805058 0.011574 0.032932
5 0.356241 0.84579 0.036549 0.12133
5 0.355023 0.370004 0.036549 0.10573
7 0.355023 0.269473 0.020711 0.053732
7 0.355328 0.749593 0.022538 0.060665
6 0.320911 0.37087 0.010965 0.048532
6 0.387612 0.372604 0.005482 0.045065
6 0.32152 0.844057 0.008528 0.041599
6 0.389135 0.84579 0.008528 0.045065
1 0.330353 0.365671 0.005482 0.024266
1 0.379998 0.370004 0.00731 0.022533
1 0.330353 0.839723 0.007919 0.019066
1 0.381216 0.846656 0.008528 0.022533