2 0.249371 0.19567 0.057221 0.077614
2 0.309262 0.19567 0.056458 0.080338
2 0.367247 0.194989 0.056458 0.078976
2 0.423705 0.193627 0.053407 0.076253
2 0.482452 0.190904 0.053407 0.070806
2 0.59575 0.252859 0.058747 0.074891
2 0.248989 0.665441 0.061036 0.080338
2 0.309262 0.666122 0.054932 0.081699
2 0.368391 0.668845 0.055695 0.081699
2 0.425612 0.668164 0.05417 0.080338
2 0.482834 0.669526 0.058747 0.077614
2 0.596132 0.733524 0.061036 0.077614
3 0.41989 0.375408 0.032044 0.039488
3 0.677005 0.372685 0.028992 0.042211
3 0.417983 0.845861 0.029755 0.03268
3 0.678912 0.846541 0.029755 0.039488
8 0.622454 0.848584 0.031281 0.03268
8 0.622835 0.372685 0.036622 0.034041
4 0.595369 0.331836 0.013733 0.025871
4 0.597658 0.807734 0.018311 0.035403
6 0.583925 0.373366 0.015259 0.03268
6 0.480163 0.372004 0.013733 0.035403
6 0.479782 0.84518 0.017548 0.055828
6 0.587358 0.850626 0.017548 0.036765
1 0.495041 0.849265 0.009918 0.036765
1 0.570192 0.848584 0.010681 0.029956
1 0.495804 0.373366 0.01297 0.03268
1 0.570954 0.373366 0.013733 0.035403
5 0.533951 0.370643 0.060273 0.111656
5 0.533951 0.856754 0.057221 0.127996