2 0.089806 0.22045 0.055349 0.091307
2 0.088269 0.385553 0.047354 0.068793
2 0.679883 0.182301 0.048584 0.060038
7 0.179901 0.666354 0.313027 0.452783
2 0.40929 0.130394 0.047354 0.071295
2 0.457566 0.131019 0.046739 0.075047
2 0.503382 0.129143 0.039974 0.078799
2 0.547354 0.129769 0.044279 0.072545
2 0.592555 0.132896 0.047354 0.073796
6 0.229407 0.75641 0.022139 0.03252
6 0.261079 0.757661 0.015375 0.027517
6 0.290291 0.758912 0.022139 0.037523
3 0.541819 0.291119 0.024599 0.042527
3 0.741688 0.291119 0.024599 0.030019
1 0.599935 0.29237 0.009225 0.027517
1 0.658973 0.29237 0.007995 0.030019
6 0.671888 0.291119 0.010455 0.030019
6 0.587635 0.294246 0.014145 0.033771
8 0.699562 0.294246 0.026444 0.038774
4 0.679883 0.256723 0.019064 0.036273
5 0.630991 0.29237 0.045509 0.102564
20 0.976305 0.353033 0.025214 0.026266