2 0.178382 0.228274 0.079639 0.133827
2 0.24008 0.229437 0.072638 0.147791
2 0.301122 0.223037 0.071325 0.146628
2 0.365446 0.222455 0.068699 0.145464
2 0.422987 0.224782 0.069137 0.138482
7 0.477246 0.365591 0.035006 0.064004
2 0.542007 0.328935 0.064761 0.167574
3 0.630179 0.5064 0.036319 0.070986
3 0.3556 0.519201 0.034131 0.066332
1 0.435239 0.519783 0.019253 0.069823
1 0.522316 0.511637 0.014002 0.069823
4 0.545508 0.448215 0.017503 0.054694
8 0.572638 0.514546 0.046383 0.061677
5 0.477246 0.514546 0.074388 0.168738