2 0.223541 0.415845 0.065792 0.159452
2 0.278005 0.406986 0.068407 0.156499
2 0.344016 0.412154 0.062742 0.17274
2 0.402401 0.414368 0.064485 0.177169
2 0.458607 0.429871 0.069714 0.155023
7 0.504139 0.590061 0.029193 0.09449
2 0.570149 0.550198 0.067971 0.156499
3 0.652717 0.766491 0.037035 0.075297
3 0.396301 0.765015 0.043571 0.066438
1 0.469065 0.765015 0.019171 0.069391
1 0.547492 0.76723 0.015686 0.085632
4 0.569278 0.698577 0.0122 0.066438
20 0.967518 0.606301 0.027885 0.11516
8 0.597381 0.777565 0.034421 0.082679
5 0.504575 0.771659 0.064921 0.221461