2 0.220664 0.141169 0.055004 0.064833
2 0.279443 0.141619 0.057161 0.062131
2 0.337144 0.142519 0.055004 0.067534
2 0.392957 0.141619 0.055544 0.063932
2 0.450388 0.14297 0.053926 0.063032
2 0.562284 0.199698 0.055544 0.063032
20 0.959987 0.237067 0.023727 0.033317
2 0.222013 0.57969 0.054465 0.063032
2 0.278365 0.58014 0.055004 0.065733
2 0.335796 0.57924 0.056622 0.06033
2 0.393766 0.581941 0.056083 0.062131
2 0.449849 0.581041 0.056083 0.065733
2 0.563902 0.642272 0.054465 0.063932
4 0.563363 0.710256 0.008089 0.023412
4 0.562824 0.269934 0.010246 0.023412
7 0.498113 0.22266 0.019953 0.03872
7 0.498652 0.660731 0.017796 0.037819
3 0.388374 0.747175 0.025884 0.025213
3 0.64533 0.748526 0.023188 0.02071
3 0.389182 0.308653 0.028581 0.027014
3 0.644521 0.310905 0.02912 0.022511
6 0.450388 0.308653 0.016178 0.025213
6 0.55069 0.310905 0.014021 0.027914
6 0.451197 0.749876 0.01456 0.032416
6 0.55096 0.749876 0.013481 0.032416
5 0.501079 0.308203 0.05824 0.090946
5 0.500809 0.749876 0.057701 0.097249
1 0.461443 0.749426 0.010246 0.022511
1 0.539096 0.748526 0.009167 0.02071
1 0.538287 0.308203 0.008628 0.01891
1 0.461982 0.310905 0.00701 0.01891