7 0.232257 0.215551 0.059498 0.070204
7 0.291311 0.215551 0.060386 0.060521
7 0.356138 0.218578 0.067491 0.066573
7 0.293088 0.274257 0.060386 0.061731
7 0.356138 0.276678 0.062163 0.05689
7 0.677163 0.219183 0.063051 0.065363
7 0.73977 0.216157 0.056834 0.061731
7 0.79838 0.213131 0.062163 0.060521
7 0.739326 0.276072 0.055946 0.0581
7 0.803708 0.277888 0.067491 0.054469
2 0.236697 0.220998 0.048842 0.039944
2 0.380115 0.547812 0.046178 0.061731
2 0.297528 0.217367 0.047954 0.037523
2 0.293088 0.278493 0.042626 0.038733
2 0.351698 0.217972 0.04973 0.045996
2 0.352586 0.277283 0.051506 0.038733
2 0.677163 0.219183 0.050618 0.048417
2 0.737106 0.219183 0.042626 0.036313
2 0.79394 0.214946 0.046178 0.039944
2 0.738438 0.275467 0.041738 0.039944
2 0.795272 0.273652 0.04529 0.043575
2 0.434729 0.547812 0.036409 0.042365
2 0.823245 0.546601 0.037298 0.061731
2 0.88008 0.54418 0.028417 0.039944
7 0.442278 0.544786 0.060386 0.075046
7 0.884076 0.54418 0.063051 0.068994
4 0.384555 0.487291 0.026641 0.047206
4 0.382335 0.604701 0.025753 0.042365
4 0.827685 0.605912 0.021313 0.035102
4 0.826797 0.487896 0.023089 0.041154
1 0.355694 0.701535 0.029305 0.025419
1 0.797492 0.706982 0.039074 0.038733
0 0.810813 0.769924 0.024865 0.045996
0 0.369459 0.771134 0.028417 0.048417
0 0.262894 0.729374 0.04085 0.047206
0 0.699808 0.733006 0.04085 0.059311
24 0.810813 0.835286 0.031969 0.0581
24 0.370791 0.847996 0.031081 0.052048