0 0.521912 0.497578 0.023597 0.050852
0 0.491151 0.753653 0.017698 0.047219
0 0.663918 0.757891 0.019384 0.058116
0 0.743138 0.688273 0.037924 0.030269
0 0.741874 0.555695 0.03034 0.033901
0 0.741452 0.846276 0.037924 0.033901
24 0.799603 0.85233 0.034553 0.036323
35 0.581327 0.621076 0.304238 0.184035
3 0.674031 0.499395 0.016013 0.039955
11 0.626415 0.514529 0.016855 0.016951
31 0.766735 0.621076 0.021069 0.104125
2 0.768421 0.516345 0.056465 0.054484
2 0.764207 0.449148 0.034553 0.038744
7 0.761679 0.443094 0.073321 0.065381