0 0.144161 0.633583 0.014244 0.056818
0 0.364945 0.640837 0.016882 0.056818
0 0.610524 0.635397 0.016354 0.050774
0 0.774067 0.622703 0.01952 0.037476
0 0.77354 0.762331 0.02374 0.026596
0 0.775122 0.895309 0.02374 0.036267
0 0.148381 0.141562 0.013189 0.064072
0 0.365208 0.147002 0.018465 0.055609
0 0.613162 0.147606 0.018465 0.056818
30 0.210633 0.463129 0.032181 0.037476
30 0.455157 0.460711 0.036929 0.039894
30 0.682536 0.46192 0.031654 0.049565
8 0.732654 0.621494 0.028488 0.044729
8 0.734764 0.766562 0.030598 0.059236
8 0.730807 0.90619 0.026906 0.058027
0 0.247826 0.895914 0.026378 0.051983
0 0.489185 0.893496 0.027961 0.044729
4 0.395016 0.650508 0.013717 0.03264
4 0.642969 0.654739 0.013717 0.038685
4 0.177925 0.652926 0.013189 0.027805
7 0.027043 0.379715 0.041677 0.078578
7 0.070566 0.380319 0.04537 0.072534
7 0.111716 0.378506 0.037984 0.071325
7 0.068984 0.448622 0.042205 0.071325
7 0.111188 0.45104 0.04115 0.066489
7 0.242023 0.380319 0.048535 0.074952
7 0.286075 0.377297 0.039567 0.076161
7 0.327488 0.377901 0.044315 0.079787
7 0.285811 0.448017 0.04326 0.067698
7 0.331181 0.45104 0.040095 0.068907
7 0.49024 0.378506 0.046953 0.083414
7 0.532445 0.375484 0.042732 0.087041
7 0.576496 0.377901 0.040095 0.079787
7 0.533764 0.450435 0.046425 0.06528
7 0.579134 0.454666 0.042205 0.071325
2 0.245452 0.37911 0.032181 0.053191
2 0.286338 0.382132 0.030598 0.0544
2 0.289767 0.448017 0.035347 0.062863
2 0.177925 0.577974 0.037457 0.073743
2 0.395016 0.579787 0.049591 0.072534
2 0.329862 0.448017 0.030071 0.050774
2 0.329071 0.379715 0.034819 0.049565
2 0.491031 0.383341 0.030598 0.056818
2 0.534028 0.381528 0.036402 0.055609
2 0.532445 0.45104 0.033236 0.051983
2 0.639803 0.576765 0.04537 0.068907
2 0.577287 0.38455 0.035347 0.051983
2 0.576496 0.452249 0.030598 0.0544
2 0.025724 0.377901 0.033764 0.050774
2 0.065291 0.377901 0.034819 0.053191
2 0.110661 0.379715 0.029543 0.059236
2 0.069511 0.449226 0.036929 0.050774
2 0.109606 0.45104 0.032709 0.047147