0 0.351515 0.536843 0.016498 0.049526
0 0.531278 0.390679 0.028185 0.064022
0 0.682169 0.397323 0.024748 0.050734
0 0.751944 0.461345 0.033684 0.036239
0 0.749881 0.6214 0.032309 0.032615
0 0.750569 0.82615 0.037809 0.041071
0 0.500344 0.704146 0.017186 0.060398
0 0.673233 0.702334 0.013749 0.061606
8 0.347734 0.482485 0.02681 0.054358
24 0.812094 0.825546 0.037121 0.037447
11 0.634737 0.416047 0.015123 0.018119
0 0.267648 0.677571 0.034372 0.036239
6 0.292739 0.675759 0.008937 0.020535
6 0.351171 0.608717 0.014436 0.016911
11 0.303051 0.676967 0.011686 0.020535
11 0.350484 0.62744 0.013061 0.015704
38 0.34086 0.68663 0.051557 0.093013
35 0.59624 0.545903 0.301095 0.217433
31 0.777035 0.542883 0.026122 0.129252
20 0.938581 0.853933 0.026122 0.021743
7 0.77566 0.333301 0.070118 0.086973
2 0.773254 0.332697 0.046058 0.049526
2 0.773942 0.412423 0.059807 0.054358
15 0.502406 0.817694 0.022685 0.026575