18 0.063598 0.163929 0.054657 0.094634
15 0.496194 0.826413 0.022834 0.0419
0 0.66935 0.746668 0.020931 0.050009
0 0.500476 0.743289 0.023785 0.037845
0 0.528066 0.495945 0.023785 0.045955
0 0.674582 0.5 0.029493 0.040548
0 0.745938 0.826413 0.035202 0.058119
0 0.745938 0.673006 0.033299 0.037845
0 0.746889 0.551361 0.033299 0.027032
24 0.806352 0.839253 0.039959 0.037845
31 0.773052 0.61759 0.026639 0.110832
11 0.633196 0.511489 0.020931 0.020274
2 0.770198 0.445936 0.062793 0.064877
2 0.768295 0.506758 0.053279 0.045955
35 0.591335 0.616238 0.29874 0.173006