14 0.185182 0.18014 0.029142 0.058156
14 0.643942 0.180745 0.024726 0.049675
0 0.361356 0.823495 0.024726 0.041194
0 0.817467 0.825313 0.016779 0.047252
0 0.25627 0.782907 0.024726 0.049675
0 0.704433 0.781089 0.036206 0.048464
1 0.804221 0.7508 0.029142 0.021809
1 0.352526 0.748982 0.040622 0.032713
4 0.377252 0.527867 0.024726 0.043617
4 0.376369 0.654478 0.021194 0.037559
4 0.833363 0.531501 0.022077 0.046041
4 0.833363 0.654478 0.022077 0.035136
2 0.832921 0.592687 0.042388 0.061791
2 0.88988 0.592687 0.055634 0.066638
2 0.377693 0.592687 0.041505 0.059368
2 0.436418 0.590264 0.061816 0.064214
2 0.226687 0.254047 0.062699 0.063003
2 0.28497 0.251018 0.052102 0.056945
2 0.345903 0.2492 0.0574 0.065426
2 0.287178 0.314021 0.058283 0.054522
2 0.351201 0.310386 0.0574 0.049675
2 0.678382 0.252229 0.058283 0.066638
2 0.741522 0.253441 0.064465 0.059368
2 0.80378 0.250412 0.054751 0.063003
2 0.743289 0.306145 0.053868 0.058156
2 0.803338 0.312203 0.062699 0.058156
24 0.356499 0.902855 0.037972 0.049675
24 0.813935 0.89195 0.045037 0.052098
7 0.253621 0.582994 0.185447 0.299263
7 0.713705 0.586023 0.192511 0.295629