0 0.132062 0.159983 0.0279 0.064017
0 0.36602 0.165419 0.028482 0.048315
0 0.62904 0.163607 0.029063 0.05677
0 0.809812 0.769356 0.025575 0.057978
0 0.808649 0.637094 0.029063 0.054354
0 0.808068 0.900411 0.024413 0.05677
8 0.762439 0.899203 0.023832 0.044691
8 0.765055 0.635886 0.029063 0.051939
8 0.764183 0.767544 0.026157 0.047107
0 0.636015 0.63649 0.017438 0.045899
0 0.371542 0.638906 0.0093 0.048315
0 0.139328 0.63649 0.012206 0.043484
4 0.175366 0.6534 0.015694 0.026573
4 0.405836 0.65642 0.008138 0.02295
4 0.668856 0.654004 0.011044 0.030197
30 0.709544 0.470407 0.035457 0.047107
30 0.469484 0.469199 0.040107 0.047107
30 0.210823 0.467991 0.036619 0.035028
2 0.018717 0.38646 0.034876 0.065225
2 0.058242 0.390687 0.038363 0.068849
2 0.102709 0.388875 0.043595 0.065225
2 0.059114 0.455913 0.043595 0.061602
2 0.102999 0.456516 0.043013 0.067641
2 0.243955 0.389479 0.04592 0.05677
2 0.291328 0.393103 0.041851 0.066433
2 0.335213 0.390083 0.044757 0.065225
2 0.291037 0.454705 0.044757 0.059186
2 0.337247 0.457724 0.040688 0.065225
2 0.509881 0.395519 0.041851 0.068849
2 0.552023 0.392499 0.038944 0.06281
2 0.59678 0.396727 0.044757 0.068849
2 0.552023 0.459536 0.044757 0.05677
2 0.597652 0.461952 0.046501 0.059186
0 0.250058 0.896183 0.029063 0.041068
0 0.505813 0.897995 0.0279 0.035028