18 0.025276 0.679641 0.048853 0.102825
0 0.239451 0.667544 0.028321 0.037501
6 0.263877 0.672987 0.012036 0.031452
1 0.277329 0.669963 0.01062 0.030243
38 0.312022 0.675407 0.047437 0.077421
0 0.330076 0.524194 0.022656 0.050807
0 0.48938 0.699601 0.022656 0.058066
0 0.67488 0.705649 0.026905 0.058066
0 0.755947 0.614317 0.029029 0.032662
0 0.755239 0.819361 0.031861 0.036291
0 0.758071 0.449797 0.031861 0.04234
0 0.683022 0.376006 0.021948 0.052017
0 0.522656 0.368747 0.026905 0.061695
24 0.820731 0.829644 0.035401 0.03992
11 0.632045 0.401409 0.021948 0.022984
20 0.954191 0.853233 0.021948 0.031452
31 0.783914 0.535686 0.018408 0.136696
35 0.587086 0.534477 0.317191 0.228634
4 0.370433 0.538106 0.016992 0.025404
8 0.329722 0.477016 0.020532 0.053227
15 0.489734 0.809079 0.023364 0.056856
2 0.781082 0.394151 0.052393 0.056856
2 0.782498 0.312496 0.065137 0.067743
2 0.369371 0.468548 0.050269 0.060485