7 0.027431 0.547907 0.039833 0.077324
7 0.068471 0.548748 0.039833 0.075643
7 0.109512 0.548748 0.043455 0.082367
7 0.067566 0.629434 0.03923 0.075643
7 0.10921 0.631114 0.042851 0.079005
7 0.106796 0.35964 0.025952 0.080686
7 0.222977 0.547067 0.04104 0.079005
7 0.263414 0.549588 0.04104 0.077324
7 0.303247 0.550429 0.042248 0.075643
7 0.262508 0.627753 0.040437 0.075643
7 0.304454 0.629434 0.043455 0.072281
7 0.432102 0.553791 0.03923 0.082367
7 0.472237 0.55211 0.04104 0.079005
7 0.512674 0.55211 0.039833 0.082367
7 0.470728 0.631114 0.03923 0.072281
7 0.515692 0.631955 0.039833 0.080686
7 0.620707 0.55211 0.042248 0.082367
7 0.661748 0.551269 0.043455 0.084048
7 0.663558 0.635317 0.042248 0.080686
7 0.703694 0.633636 0.038023 0.080686
7 0.811425 0.547907 0.045869 0.073962
7 0.853673 0.551269 0.04104 0.080686
7 0.893808 0.553791 0.042851 0.085729
7 0.854578 0.627753 0.042851 0.075643
7 0.896524 0.628593 0.04104 0.073962
7 0.89079 0.369726 0.028366 0.077324
7 0.700072 0.369726 0.029573 0.073962
7 0.509355 0.369726 0.03078 0.0706
7 0.303247 0.366364 0.031384 0.073962
2 0.181634 0.7824 0.040437 0.075643
2 0.37537 0.7824 0.040437 0.075643
2 0.584797 0.7824 0.03923 0.072281
2 0.774609 0.78156 0.042248 0.073962
2 0.966534 0.7824 0.039833 0.072281
0 0.141801 0.853001 0.01871 0.062195
0 0.338554 0.850479 0.017503 0.057152
0 0.222071 0.949655 0.040437 0.043705
0 0.429688 0.949655 0.025952 0.053791
0 0.548585 0.847117 0.009053 0.0706
0 0.632175 0.952177 0.031384 0.055472
0 0.738397 0.85216 0.010864 0.067238
0 0.821685 0.955539 0.031384 0.055472
0 0.929115 0.853001 0.015692 0.062195
0 0.929416 0.273071 0.012674 0.072281
0 0.73719 0.268869 0.018106 0.080686
0 0.547378 0.27139 0.015088 0.072281
0 0.334631 0.268869 0.024141 0.067238
0 0.143913 0.27139 0.024141 0.062195
4 0.181634 0.86897 0.007846 0.033619
4 0.375671 0.868129 0.016899 0.045386
4 0.584193 0.86897 0.012674 0.030257
4 0.7731 0.866448 0.016295 0.045386
4 0.965629 0.868129 0.01026 0.045386
2 0.107098 0.462179 0.027763 0.057152
2 0.301436 0.462179 0.025349 0.057152
2 0.511769 0.46554 0.028366 0.057152
2 0.698564 0.4647 0.033798 0.05211
2 0.891997 0.463019 0.022331 0.065557