8 0.765678 0.731964 0.029756 0.0381
8 0.763553 0.83618 0.021862 0.0381
8 0.766285 0.939835 0.026112 0.034739
0 0.80515 0.732524 0.017611 0.050427
0 0.806061 0.839541 0.024291 0.053789
0 0.805454 0.945998 0.020647 0.049306
0 0.802721 0.625507 0.023683 0.029136
0 0.616595 0.626628 0.021862 0.024653
0 0.426217 0.629429 0.026112 0.034739
0 0.230071 0.624947 0.02004 0.032497
0 0.155985 0.560512 0.012753 0.040342
0 0.339986 0.563314 0.015182 0.039221
0 0.543419 0.566115 0.016396 0.0381
0 0.722866 0.566115 0.01336 0.0381
0 0.906563 0.566115 0.013967 0.040342
0 0.907474 0.198559 0.012145 0.040342
0 0.724384 0.196878 0.011538 0.032497
0 0.540687 0.193516 0.015789 0.041462
0 0.340593 0.192396 0.012753 0.03698
0 0.153556 0.193516 0.012753 0.045945
4 0.191206 0.57396 0.007894 0.015688
4 0.378244 0.57452 0.009109 0.021291
4 0.576515 0.57564 0.010931 0.028015
4 0.759302 0.573399 0.010931 0.025774
4 0.942392 0.57564 0.009109 0.021291
2 0.040908 0.367769 0.043723 0.062754
2 0.082202 0.366649 0.041294 0.058271
2 0.12046 0.366649 0.035221 0.060512
2 0.081595 0.423239 0.038865 0.052668
2 0.121371 0.42492 0.040687 0.051548
2 0.190295 0.51793 0.03765 0.049306
2 0.230071 0.371131 0.038258 0.051548
2 0.268329 0.373933 0.039472 0.054909
2 0.308105 0.371691 0.040079 0.052668
2 0.269543 0.42548 0.039472 0.048186
2 0.309623 0.427161 0.038258 0.049306
2 0.377029 0.51961 0.037043 0.052668
2 0.42895 0.375053 0.038865 0.052668
2 0.468422 0.372252 0.040079 0.049306
2 0.507591 0.375614 0.040687 0.05603
2 0.469333 0.42492 0.039472 0.053789
2 0.509413 0.42548 0.039472 0.054909
2 0.577123 0.517369 0.03765 0.054909
2 0.614469 0.371131 0.039472 0.051548
2 0.651816 0.372252 0.03765 0.058271
2 0.690074 0.370571 0.036436 0.054909
2 0.65212 0.42604 0.039472 0.05603
2 0.690985 0.427161 0.038258 0.053789
2 0.758391 0.515688 0.038258 0.051548
2 0.79513 0.373372 0.040079 0.058271
2 0.83521 0.375053 0.03765 0.057151
2 0.875896 0.374493 0.042508 0.058271
2 0.835817 0.427721 0.041294 0.048186
2 0.875896 0.427161 0.040079 0.053789
2 0.941481 0.51961 0.042508 0.054909