14 0.617457 0.187762 0.025473 0.05569
2 0.659558 0.250507 0.07288 0.063858
2 0.737391 0.249393 0.081371 0.067571
2 0.81947 0.246794 0.077126 0.069799
2 0.73173 0.313623 0.089862 0.060888
2 0.815224 0.308054 0.084201 0.070541
2 0.702366 0.399386 0.035379 0.05569
4 0.852018 0.526731 0.036086 0.046037
2 0.855202 0.589105 0.060851 0.059403
2 0.917115 0.582422 0.084201 0.071284
4 0.859448 0.647765 0.026888 0.054948
1 0.810979 0.743553 0.054483 0.050493
0 0.834682 0.814837 0.026888 0.050493
0 0.703781 0.775853 0.028303 0.063116
24 0.833621 0.888719 0.031841 0.051235