14 0.200084 0.157 0.018379 0.053454
2 0.277778 0.384924 0.033417 0.043061
2 0.241576 0.224932 0.074631 0.061621
2 0.30841 0.224932 0.070175 0.0735
2 0.36494 0.21825 0.081871 0.072015
2 0.37051 0.287296 0.069618 0.067561
2 0.300334 0.28544 0.07853 0.063848
4 0.402256 0.508909 0.030632 0.057909
2 0.458229 0.572386 0.049011 0.063106
2 0.395851 0.567189 0.057923 0.072015
4 0.402256 0.636235 0.028404 0.055682
1 0.362434 0.733121 0.041214 0.035636
0 0.380535 0.808477 0.028404 0.055682
24 0.382206 0.876409 0.030632 0.053454
0 0.272208 0.764303 0.030075 0.049