0 0.298273 0.260417 0.025641 0.06994
0 0.736787 0.25744 0.030874 0.066964
0 0.74202 0.856027 0.021455 0.076637
0 0.299581 0.850074 0.034537 0.067708
0 0.526688 0.955729 0.056515 0.048363
4 0.376243 0.866071 0.015175 0.037202
2 0.058085 0.536458 0.10832 0.114583
2 0.148352 0.542039 0.082679 0.081101
2 0.231031 0.544643 0.092098 0.089286
2 0.148875 0.625 0.091052 0.092262
2 0.229984 0.626116 0.090005 0.087054
2 0.179487 0.731771 0.0382 0.049851
2 0.509158 0.545015 0.091575 0.09003
2 0.590267 0.540551 0.085296 0.100446
2 0.666928 0.542039 0.085819 0.091518
2 0.587912 0.626488 0.092098 0.08631
2 0.674254 0.623884 0.088959 0.081101
2 0.665358 0.451637 0.055468 0.063988
2 0.22606 0.450149 0.050759 0.065476
30 0.881999 0.638021 0.060701 0.042411
30 0.435113 0.639881 0.095238 0.046131
2 0.617216 0.733631 0.055468 0.052083
4 0.811879 0.864955 0.026164 0.043899
2 0.812402 0.776042 0.096285 0.102679
2 0.375981 0.783854 0.098378 0.076637