0 0.292579 0.212652 0.026572 0.078705
0 0.758666 0.219706 0.045551 0.074993
2 0.686543 0.427235 0.053143 0.066825
2 0.50705 0.516706 0.092187 0.086873
2 0.597339 0.517449 0.095983 0.092813
2 0.691423 0.514479 0.087849 0.091328
2 0.596796 0.603579 0.105744 0.086873
2 0.689254 0.605064 0.095441 0.085388
2 0.845159 0.778809 0.113336 0.095783
2 0.377988 0.775839 0.098694 0.097268
2 0.213407 0.426121 0.051516 0.060143
2 0.041235 0.512623 0.081341 0.08613
2 0.120678 0.50891 0.100321 0.09801
2 0.219101 0.512623 0.101948 0.09504
2 0.122034 0.598381 0.099779 0.088358
2 0.214221 0.59801 0.104117 0.105435
2 0.157824 0.717553 0.040128 0.04455
0 0.7668 0.854173 0.030367 0.07722
0 0.293122 0.851945 0.03091 0.07722
4 0.383682 0.86531 0.028741 0.054945
4 0.849226 0.861227 0.022776 0.048263
0 0.509219 0.95441 0.070496 0.05049
30 0.447942 0.625854 0.111709 0.063113
30 0.964611 0.613359 0.069173 0.060397