18 0.081679 0.733898 0.055834 0.065537
0 0.291276 0.720716 0.043184 0.051224
1 0.325518 0.732392 0.011341 0.026365
0 0.377863 0.589642 0.020938 0.069303
0 0.557143 0.453672 0.032279 0.07307
0 0.70807 0.461582 0.020938 0.058757
0 0.776554 0.525235 0.034024 0.023352
0 0.776554 0.672128 0.032279 0.036911
0 0.701309 0.763277 0.017884 0.067043
0 0.778735 0.874765 0.035769 0.033898
20 0.961069 0.907533 0.018321 0.018079
24 0.840676 0.878531 0.043621 0.047458
31 0.797492 0.595669 0.016576 0.138606
2 0.797928 0.392279 0.0506 0.069303
2 0.795529 0.469492 0.051036 0.058004
11 0.660742 0.474765 0.010033 0.021846
2 0.415594 0.539171 0.052781 0.05725
4 0.420174 0.611488 0.019193 0.042185
1 0.375245 0.680038 0.022683 0.021092