18 0.041956 0.683724 0.038895 0.063943
0 0.267395 0.681473 0.031219 0.030621
0 0.698059 0.713895 0.013306 0.050434
0 0.781766 0.624751 0.026163 0.025251
0 0.780712 0.837728 0.027124 0.027919
0 0.781684 0.45589 0.029275 0.024276
0 0.708551 0.383821 0.015865 0.051335
0 0.545682 0.379753 0.013574 0.052203
0 0.513562 0.712994 0.013818 0.055838
0 0.356386 0.53218 0.013464 0.053461
4 0.394921 0.546668 0.008398 0.023334
15 0.515816 0.834089 0.020352 0.014326
20 0.978525 0.869709 0.017952 0.023693
24 0.84557 0.847003 0.034781 0.033565
11 0.657638 0.404735 0.015708 0.027642
1 0.356667 0.628337 0.014025 0.014808
1 0.300848 0.685101 0.006732 0.033565
6 0.355955 0.612194 0.013034 0.012015
6 0.292801 0.682369 0.010241 0.018022
8 0.356296 0.482339 0.022711 0.053746
2 0.394865 0.477516 0.048946 0.063393
2 0.805028 0.314899 0.050903 0.062015
2 0.804833 0.399653 0.050512 0.059259
35 0.613945 0.541254 0.31795 0.218431