4 0.846966 0.513999 0.022113 0.036126
4 0.848019 0.636374 0.022113 0.037029
14 0.542647 0.159968 0.026325 0.036126
2 0.657876 0.388812 0.041074 0.033576
2 0.847521 0.577886 0.062252 0.052842
2 0.945712 0.580088 0.085356 0.060548
2 0.607176 0.234691 0.092416 0.054493
2 0.702801 0.234691 0.094983 0.055594
2 0.799709 0.234141 0.093699 0.055594
2 0.702159 0.293587 0.094983 0.054493
2 0.80035 0.294138 0.092416 0.054493
3 0.657552 0.770747 0.025117 0.041126
3 0.820242 0.809914 0.023975 0.043084
24 0.816817 0.888739 0.030825 0.046022
1 0.801571 0.739365 0.037035 0.03063