2 0.05036 0.509525 0.088165 0.087086
2 0.136397 0.509979 0.083908 0.078922
2 0.223649 0.509071 0.082084 0.080736
2 0.136397 0.600239 0.082692 0.079829
2 0.224865 0.600693 0.084516 0.080736
2 0.514593 0.509979 0.083908 0.077107
2 0.598501 0.509979 0.083908 0.08255
2 0.68697 0.511793 0.082084 0.08255
2 0.601237 0.598425 0.0833 0.081643
2 0.686058 0.601147 0.088773 0.087086
2 0.218785 0.410646 0.040738 0.054429
2 0.682106 0.408832 0.038306 0.054429
2 0.376265 0.775772 0.0833 0.084364
2 0.83989 0.773051 0.083908 0.084364
3 0.296309 0.191117 0.018241 0.061686
3 0.761454 0.189757 0.025537 0.062593
3 0.758718 0.850611 0.018849 0.067129
3 0.297221 0.852426 0.023713 0.0635
3 0.067689 0.962644 0.038914 0.03175
3 0.534962 0.964004 0.041954 0.032657
4 0.373833 0.868301 0.017633 0.03175
4 0.839282 0.868754 0.012161 0.0381
36 0.430684 0.61294 0.026753 0.041729
36 0.890357 0.614754 0.032834 0.047172