14 0.296843 0.089304 0.046584 0.047945
2 0.373835 0.168006 0.128106 0.056991
2 0.502588 0.169362 0.124224 0.057895
2 0.632635 0.168006 0.120342 0.062419
2 0.505823 0.230876 0.125518 0.056086
2 0.633929 0.230876 0.125518 0.066942
2 0.445005 0.336717 0.050466 0.036185
2 0.699275 0.540255 0.085404 0.059705
2 0.829322 0.542517 0.120342 0.062419
4 0.696687 0.472409 0.031056 0.041612
4 0.698628 0.606293 0.029762 0.043422
3 0.439182 0.750579 0.028468 0.042517
3 0.662396 0.795358 0.029762 0.045231
24 0.659161 0.864561 0.036232 0.047945
1 0.635223 0.714394 0.04529 0.029852