2 0.038119 0.51236 0.057735 0.085035
2 0.099167 0.510382 0.058682 0.083057
2 0.158085 0.510877 0.057262 0.082069
2 0.099404 0.598878 0.058208 0.084046
2 0.159505 0.597395 0.058208 0.083057
2 0.353533 0.512854 0.056315 0.084046
2 0.413634 0.511865 0.059155 0.082069
2 0.472789 0.512854 0.055369 0.080091
2 0.413634 0.600361 0.056315 0.085035
2 0.472789 0.600361 0.057262 0.077125
2 0.469713 0.416943 0.023662 0.052405
2 0.823932 0.41892 0.026028 0.054383
2 0.708935 0.513843 0.057262 0.082069
2 0.767616 0.514337 0.058208 0.08108
2 0.264801 0.772408 0.058682 0.083057
2 0.578794 0.770925 0.056315 0.080091
2 0.934196 0.770925 0.058208 0.084046
2 0.769273 0.601844 0.058682 0.082069
2 0.828191 0.605799 0.058208 0.082069
2 0.827954 0.51582 0.054896 0.080091
2 0.155009 0.41546 0.024608 0.055372
3 0.209905 0.2004 0.013251 0.054383
3 0.210378 0.846072 0.013251 0.054383
3 0.524135 0.204356 0.014197 0.05636
3 0.878354 0.206828 0.011831 0.059327
36 0.64978 0.611237 0.018456 0.039551
36 0.971109 0.617665 0.021296 0.046473
3 0.522479 0.846566 0.012777 0.051416
3 0.879301 0.845578 0.01467 0.057349
36 0.294851 0.613709 0.020349 0.038562
3 0.356609 0.958793 0.033127 0.030652
3 0.705149 0.954838 0.029814 0.028675
4 0.264801 0.860904 0.009465 0.036585
4 0.579031 0.86387 0.007572 0.028675
4 0.934196 0.862881 0.010884 0.028675