8 0.847321 0.135235 0.051786 0.032666
3 0.848214 0.17153 0.053571 0.035085
0 0.91875 0.256219 0.041071 0.027826
0 0.917964 0.522938 0.035928 0.028398
4 0.610778 0.360661 0.032335 0.03489
3 0.843713 0.585009 0.021557 0.030833
11 0.492814 0.827207 0.021557 0.020285
1 0.525749 0.879542 0.032335 0.016228
6 0.52515 0.925385 0.023952 0.015416
1 0.770659 0.489265 0.026347 0.021096
1 0.769461 0.403259 0.028743 0.019473
11 0.800599 0.038946 0.019162 0.024342
7 0.651497 0.405287 0.276647 0.314006
2 0.913772 0.482774 0.073054 0.035701