2 0.922099 0.277328 0.083659 0.032626
0 0.923729 0.31077 0.026076 0.032626
3 0.862342 0.234099 0.0402 0.030995
8 0.865602 0.202289 0.035854 0.019576
11 0.828118 0.114199 0.026076 0.034257
7 0.754781 0.473491 0.074967 0.15742
1 0.803672 0.445759 0.022816 0.01876
1 0.800956 0.527732 0.028249 0.026101
4 0.671121 0.40824 0.020643 0.020391
2 0.917753 0.518352 0.051065 0.028548
0 0.919926 0.545268 0.020643 0.015497
3 0.861799 0.613783 0.034767 0.025285
11 0.564103 0.830745 0.034767 0.033442
1 0.59724 0.876829 0.0402 0.027732