14 0.306855 0.257473 0.016322 0.107163
2 0.328014 0.235853 0.022367 0.063922
14 0.309576 0.613743 0.01209 0.082722
14 0.31018 0.770728 0.014509 0.092123
14 0.772942 0.613743 0.017531 0.090243
14 0.683775 0.769788 0.015718 0.082722
2 0.328618 0.598703 0.019949 0.056402
2 0.328618 0.753807 0.01874 0.062042
2 0.704026 0.750987 0.019949 0.067682
2 0.706142 0.565802 0.026599 0.043241
2 0.650828 0.564862 0.028413 0.045121
2 0.492141 0.473679 0.027808 0.047001
7 0.493955 0.406937 0.031435 0.052641
7 0.705537 0.428558 0.026599 0.065802
7 0.705537 0.49812 0.030226 0.050761
2 0.793798 0.594003 0.021763 0.058282
0 0.476424 0.540421 0.010881 0.033841
0 0.509975 0.546061 0.012695 0.041361
0 0.650224 0.615623 0.009068 0.033841
0 0.659896 0.672965 0.007859 0.028201
0 0.597328 0.825249 0.008463 0.031961
0 0.587656 0.766967 0.008463 0.028201
0 0.587353 0.614683 0.007859 0.035721
19 0.591283 0.555462 0.014509 0.045121
19 0.591887 0.713386 0.015718 0.045121
1 0.356124 0.86473 0.010881 0.024441
1 0.375166 0.86191 0.013904 0.022561
1 0.432898 0.86191 0.010881 0.026321
1 0.451638 0.86755 0.010881 0.033841
1 0.480655 0.86661 0.01209 0.028201
1 0.50272 0.86849 0.013904 0.028201
1 0.530226 0.87225 0.015718 0.039481
1 0.548664 0.86285 0.012695 0.035721
3 0.719744 0.793288 0.017531 0.035721
3 0.814956 0.641944 0.020554 0.030081
3 0.257345 0.513536 0.01197 0.033841
11 0.228237 0.379865 0.013602 0.033841