3 0.205102 0.517803 0.016434 0.023738
3 0.204189 0.728807 0.020695 0.023738
6 0.217579 0.515166 0.008521 0.026375
6 0.250752 0.516485 0.00913 0.0211
13 0.234622 0.490769 0.015825 0.088358
14 0.235535 0.70441 0.018869 0.083083
14 0.236144 0.904864 0.022521 0.088358
14 0.889546 0.490109 0.020695 0.089677
14 0.953455 0.248114 0.038955 0.046157
2 0.264447 0.474284 0.031651 0.065939
2 0.264751 0.688585 0.029825 0.059345
2 0.264142 0.891017 0.028607 0.060664
2 0.314357 0.443952 0.035303 0.047476
2 0.348747 0.447249 0.033477 0.05407
7 0.350268 0.304162 0.043824 0.058026
7 0.349051 0.376695 0.040172 0.058026
2 0.960151 0.319328 0.027999 0.067257
2 0.920283 0.472965 0.029825 0.065939
1 0.512478 0.41362 0.020086 0.0211
1 0.541694 0.41362 0.011565 0.023738
1 0.628124 0.41362 0.011565 0.026375
1 0.658253 0.412302 0.01826 0.023738
1 0.699946 0.411642 0.00913 0.022419
1 0.728249 0.412302 0.021912 0.042201
1 0.773595 0.416258 0.012782 0.023738
1 0.80068 0.410983 0.014608 0.018463
0 0.485696 0.495384 0.012782 0.042201
0 0.497565 0.571214 0.013391 0.027694
19 0.491479 0.439996 0.01826 0.034288
0 0.313749 0.496044 0.012173 0.030332
0 0.083978 0.547476 0.010347 0.027694