0 0.089408 0.475428 0.015129 0.049143
0 0.309984 0.412811 0.010893 0.028535
0 0.474886 0.405677 0.009077 0.039632
0 0.485476 0.503171 0.013313 0.034876
4 0.230104 0.434212 0.018154 0.036461
25 0.234945 0.658526 0.022996 0.126821
25 0.23192 0.89156 0.024206 0.126821
25 0.860668 0.417566 0.024206 0.129992
25 0.919972 0.117952 0.03994 0.072922
2 0.259151 0.387446 0.029047 0.072922
2 0.262177 0.637125 0.026626 0.074507
2 0.259454 0.868574 0.029652 0.084019
2 0.926326 0.203556 0.030863 0.076093
19 0.476399 0.346229 0.018154 0.047558
1 0.499092 0.314524 0.010288 0.028535
1 0.525416 0.313732 0.010893 0.036461
1 0.608321 0.316902 0.012103 0.026949
1 0.637671 0.316109 0.011498 0.025364
1 0.678821 0.315317 0.010288 0.026949
1 0.707868 0.312939 0.012708 0.034876
1 0.746598 0.314524 0.011498 0.034876
1 0.776855 0.316109 0.016339 0.038046
3 0.20378 0.434212 0.016339 0.036461
3 0.205596 0.686268 0.02239 0.033291
2 0.308471 0.348607 0.033283 0.064996
2 0.342964 0.3494 0.029652 0.063411
2 0.338728 0.18691 0.042965 0.071337
2 0.891833 0.387446 0.035704 0.085604