25 0.225562 0.078283 0.023072 0.106061
2 0.252884 0.06734 0.026715 0.063973
25 0.22799 0.474747 0.019429 0.097643
25 0.227687 0.644781 0.027322 0.114478
2 0.252277 0.454545 0.019429 0.080808
2 0.254098 0.627946 0.020644 0.077441
3 0.164845 0.367845 0.012143 0.052189
11 0.131148 0.227273 0.007893 0.030303
0 0.428962 0.397306 0.017001 0.030303
0 0.467213 0.404882 0.014572 0.035354
0 0.564359 0.477273 0.009715 0.035354
0 0.639648 0.477273 0.010929 0.035354
0 0.652398 0.539562 0.013358 0.038721
0 0.564967 0.638889 0.012143 0.042088
0 0.578021 0.705387 0.01275 0.043771
2 0.448391 0.323232 0.031573 0.057239
2 0.705525 0.276936 0.033394 0.069024
2 0.70674 0.430976 0.03218 0.057239
2 0.810565 0.460438 0.026108 0.065657
2 0.702793 0.621212 0.024287 0.074074
25 0.785367 0.489899 0.024287 0.138047
25 0.680024 0.666667 0.023679 0.141414
3 0.836369 0.503367 0.014572 0.047138
3 0.725865 0.68266 0.020644 0.065657
1 0.284457 0.744949 0.009715 0.035354
1 0.306618 0.745791 0.01275 0.026936
1 0.376138 0.747475 0.013358 0.023569
1 0.401032 0.744949 0.009715 0.018519
1 0.435641 0.747475 0.012143 0.020202
1 0.461141 0.747475 0.012143 0.023569
1 0.493928 0.744108 0.0085 0.023569
1 0.515786 0.746633 0.010929 0.025253
19 0.568002 0.423401 0.019429 0.048822
19 0.570431 0.590067 0.020644 0.045455
18 0.962356 0.658249 0.030965 0.077441