3 0.076492 0.312822 0.02275 0.083811
2 0.233557 0.462564 0.046376 0.121805
2 0.234651 0.731319 0.057314 0.116218
2 0.598002 0.23404 0.067376 0.129628
2 0.942977 0.398868 0.052939 0.099456
19 0.816319 0.397751 0.039376 0.068166
19 0.815881 0.672092 0.041126 0.082694
0 0.8091 0.775459 0.023188 0.081576
0 0.827038 0.879943 0.018813 0.062579
0 0.96354 0.592751 0.017063 0.058109
0 0.945165 0.494971 0.018813 0.068166
0 0.630815 0.355286 0.020125 0.041347
0 0.554251 0.356404 0.035001 0.048052
3 0.188275 0.523467 0.037188 0.060344
3 0.188931 0.797809 0.032376 0.068166
1 0.291527 0.943081 0.017063 0.025702
1 0.336372 0.946434 0.0245 0.068166
1 0.463249 0.945316 0.025375 0.032407
1 0.505906 0.938052 0.011813 0.049169
1 0.570658 0.940846 0.017063 0.039112
1 0.614627 0.941964 0.020125 0.039112
1 0.672816 0.936935 0.0245 0.049169
1 0.719192 0.946992 0.016625 0.035759