27 0.168449 0.382983 0.172775 0.054236
27 0.155815 0.520432 0.223993 0.072068
27 0.171864 0.655651 0.183702 0.05275
27 0.171864 0.914574 0.193262 0.049036
2 0.942865 0.113659 0.093558 0.063895
2 0.865013 0.292342 0.104485 0.079497
2 0.95584 0.296799 0.085363 0.072068
2 0.751992 0.601043 0.081949 0.089156
2 0.745846 0.862566 0.092875 0.075782
2 0.740724 0.333205 0.092192 0.082469
4 0.662873 0.387069 0.056681 0.035662
3 0.594241 0.389298 0.047803 0.03269
3 0.592534 0.651565 0.058047 0.046064
3 0.677214 0.66048 0.06351 0.037148
3 0.677214 0.912717 0.049852 0.028976