1 0.194819 0.479824 0.03335 0.019429
1 0.247491 0.481692 0.032821 0.033626
1 0.370569 0.476088 0.020645 0.025407
1 0.410801 0.478703 0.019587 0.024659
1 0.478031 0.479451 0.02488 0.029143
1 0.519322 0.476835 0.02488 0.034374
1 0.587346 0.479077 0.02541 0.031385
1 0.627313 0.476835 0.02488 0.032879
3 0.83562 0.317671 0.023292 0.055297
3 0.764155 0.577714 0.032821 0.031385
2 0.870559 0.389033 0.050819 0.072483
2 0.804123 0.536242 0.060877 0.059033
0 0.154586 0.556417 0.026998 0.035121
0 0.177879 0.636 0.013234 0.038857