2 0.662014 0.405399 0.082211 0.088927
2 0.054929 0.211823 0.082008 0.094854
2 0.871481 0.407404 0.080379 0.095758
2 0.867951 0.785918 0.067888 0.110212
0 0.663202 0.503162 0.013578 0.050589
0 0.11467 0.355912 0.028784 0.027101
0 0.423423 0.504065 0.016293 0.048782
0 0.423966 0.820698 0.014121 0.058719
0 0.457367 0.934975 0.01575 0.056009
0 0.700404 0.621504 0.015207 0.054203
3 0.793546 0.867674 0.037474 0.037038
3 0.927692 0.86406 0.037474 0.031618
2 0.871752 0.130971 0.077663 0.090338
19 0.440531 0.411921 0.037474 0.081304
19 0.441074 0.72494 0.037474 0.065946