19 0.066914 0.771845 0.047592 0.051479
0 0.048353 0.831 0.019989 0.027094
0 0.079288 0.922669 0.022844 0.033416
1 0.114506 0.737977 0.026651 0.025288
1 0.197792 0.735268 0.023796 0.01445
1 0.432895 0.739783 0.031411 0.018063
1 0.505711 0.737977 0.024748 0.023482
1 0.630878 0.737525 0.033314 0.015353
1 0.703693 0.737074 0.022844 0.018063
1 0.820769 0.735268 0.02094 0.016256
1 0.897868 0.736622 0.028555 0.022578
1 0.11641 0.084105 0.03617 0.016256
1 0.200171 0.086814 0.038073 0.01445
1 0.428612 0.088169 0.024748 0.024385
1 0.509042 0.086814 0.031411 0.016256
1 0.627546 0.088169 0.03617 0.020772
1 0.702265 0.084105 0.021892 0.019869
1 0.821245 0.087266 0.0257 0.01716
1 0.903579 0.084556 0.026651 0.020772