0 0.224724 0.387057 0.015193 0.042467
0 0.776723 0.313869 0.012299 0.037045
6 0.543407 0.346397 0.023151 0.029817
6 0.617924 0.345042 0.026044 0.032528
3 0.513022 0.345945 0.036173 0.027106
3 0.514107 0.635532 0.038343 0.026203
3 0.586815 0.638694 0.039067 0.028913
3 0.585006 0.914728 0.035449 0.029817
4 0.581751 0.34956 0.040514 0.037949
2 0.653373 0.292184 0.066558 0.080416
2 0.851601 0.055455 0.073793 0.062345
2 0.774914 0.247911 0.073793 0.055116
2 0.852324 0.248362 0.07524 0.065055
2 0.651926 0.579964 0.062217 0.081319
2 0.651926 0.857353 0.062217 0.075898