19 0.687698 0.131482 0.108548 0.028998
19 0.697874 0.227539 0.074627 0.032623
2 0.315694 0.075298 0.11081 0.030206
2 0.904794 0.133295 0.104025 0.037456
2 0.928539 0.599681 0.083673 0.047122
2 0.832429 0.698154 0.085934 0.041081
25 0.757802 0.712049 0.072365 0.066454
25 0.901402 0.554976 0.119855 0.032623
0 0.682044 0.162897 0.061058 0.033831
0 0.718227 0.305471 0.074627 0.036248
0 0.904794 0.164105 0.06332 0.024165
0 0.950023 0.207602 0.067843 0.043497
7 0.311171 0.031801 0.133424 0.042289
1 0.104251 0.660094 0.036183 0.025373
1 0.176617 0.657073 0.045228 0.021749
1 0.278381 0.658281 0.045228 0.031415
1 0.3564 0.655261 0.056536 0.02779
1 0.462687 0.657073 0.04749 0.031415
1 0.536183 0.655261 0.040706 0.025373
0 0.386929 0.115775 0.040706 0.016916
0 0.267074 0.118191 0.054274 0.021749
0 0.688829 0.26439 0.056536 0.028998
1 0.105382 0.322991 0.038444 0.010874
1 0.176617 0.31997 0.040706 0.016916
1 0.278381 0.321782 0.036183 0.025373
1 0.355269 0.321178 0.036183 0.024165
1 0.460425 0.324803 0.038444 0.021749
1 0.535052 0.324803 0.052013 0.026582