25 0.779754 0.049093 0.048353 0.057818
2 0.839044 0.035577 0.061016 0.035292
3 0.643331 0.192888 0.033386 0.031537
25 0.778027 0.24958 0.047201 0.047306
25 0.782057 0.334054 0.052958 0.052562
2 0.836165 0.32617 0.059865 0.042801
2 0.833287 0.237565 0.054109 0.038295
19 0.85919 0.694479 0.069075 0.028534
0 0.855161 0.721136 0.031084 0.020274
0 0.881064 0.767691 0.029933 0.023277
25 0.411929 0.941146 0.058714 0.048808
25 0.422291 0.837148 0.051806 0.054064
6 0.442437 0.735778 0.025328 0.016519
2 0.473521 0.825509 0.05526 0.032288
2 0.468916 0.711374 0.04605 0.03379
2 0.474672 0.932135 0.062168 0.038295
2 0.550079 0.694855 0.063319 0.032288
2 0.613974 0.696357 0.06447 0.030786
2 0.612823 0.619391 0.043748 0.018021
7 0.615701 0.620893 0.074831 0.034541
7 0.615125 0.658437 0.080588 0.027032
0 0.152322 0.754175 0.039143 0.026281
0 0.555836 0.723013 0.021874 0.019523
6 0.383724 0.734652 0.016118 0.015769
3 0.356669 0.736905 0.033386 0.015769
3 0.363001 0.850664 0.048353 0.019523
1 0.906967 0.388118 0.019571 0.012014
1 0.955896 0.386992 0.02763 0.015769
1 0.903514 0.676834 0.026479 0.01727
1 0.958774 0.678711 0.021874 0.013516
4 0.409627 0.731648 0.042596 0.029285