2 0.709713 0.101155 0.070022 0.064238
7 0.70653 0.165393 0.050925 0.049602
2 0.712895 0.237762 0.069315 0.067491
2 0.647117 0.227598 0.056583 0.048788
0 0.650654 0.272321 0.019804 0.034152
2 0.558705 0.258497 0.053754 0.061799
4 0.507073 0.297935 0.03395 0.025207
3 0.46216 0.292243 0.02617 0.025207
0 0.250679 0.327614 0.034657 0.047162
3 0.516268 0.495528 0.049511 0.046349
3 0.45438 0.496341 0.053047 0.069117
2 0.565425 0.453244 0.062949 0.059359
2 0.556937 0.635794 0.050218 0.073183
3 0.51839 0.685803 0.049511 0.038218
0 0.951253 0.27476 0.014146 0.034152
0 0.963277 0.34713 0.039608 0.034152
1 0.981738 0.199758 0.034092 0.032139