0 0.318933 0.182228 0.019106 0.049158
14 0.316522 0.188969 0.017941 0.028933
2 0.332815 0.13472 0.020503 0.076673
7 0.495011 0.343761 0.03222 0.083906
2 0.49849 0.426221 0.028924 0.075226
14 0.317986 0.628752 0.012815 0.0434
2 0.339405 0.575226 0.021968 0.092586
2 0.337025 0.762568 0.020137 0.079566
14 0.319085 0.819711 0.015011 0.0434
1 0.363021 0.909403 0.014279 0.031826
1 0.386087 0.920253 0.009886 0.053526
1 0.438993 0.91085 0.020503 0.054973
1 0.458581 0.90651 0.006224 0.03472
1 0.487323 0.916637 0.011716 0.063653
1 0.50746 0.918083 0.013913 0.066546
1 0.535469 0.924593 0.012815 0.085353
1 0.555423 0.912297 0.010252 0.066546
0 0.592403 0.788608 0.016842 0.062206
0 0.59881 0.86311 0.01135 0.03472
3 0.683753 0.824051 0.020137 0.02604
3 0.723295 0.825497 0.014279 0.031826
2 0.705172 0.761844 0.01611 0.083906
2 0.702792 0.533996 0.02746 0.096926
2 0.705172 0.379204 0.028558 0.076673
7 0.704073 0.452984 0.033684 0.073779
2 0.789199 0.574503 0.023066 0.091139
3 0.771625 0.633092 0.015011 0.05208
3 0.811533 0.636709 0.015744 0.033273
11 0.23762 0.316275 0.014645 0.081013
3 0.269657 0.477577 0.015011 0.062206
0 0.591487 0.610669 0.009886 0.085353
0 0.649519 0.596926 0.013181 0.049186
2 0.65135 0.533273 0.019771 0.063653
0 0.663982 0.675769 0.009153 0.053526
18 0.913043 0.835443 0.020595 0.113924