3 0.757701 0.288025 0.039383 0.044203
2 0.801365 0.345791 0.035958 0.03918
2 0.736297 0.484428 0.039383 0.051236
3 0.683644 0.519088 0.036814 0.038176
0 0.084339 0.561784 0.036814 0.025116
0 0.074066 0.487442 0.017979 0.027125
1 0.111308 0.433193 0.023972 0.035162
1 0.155828 0.424653 0.02226 0.038176
1 0.289387 0.427165 0.018835 0.027125
1 0.336047 0.424151 0.017979 0.053245
1 0.401543 0.432188 0.029109 0.049226
1 0.446919 0.434197 0.025684 0.043199
1 0.507705 0.417621 0.029109 0.040185
1 0.556078 0.432188 0.023116 0.043199
7 0.156684 0.18254 0.025684 0.172795
7 0.331339 0.176512 0.02226 0.166767
7 0.444778 0.184047 0.035102 0.163753
7 0.55779 0.184549 0.031678 0.174804
11 0.604878 0.696906 0.019691 0.030139