14 0.311196 0.147023 0.018096 0.110497
14 0.313608 0.563434 0.014477 0.100266
14 0.314815 0.739411 0.012064 0.092081
14 0.800398 0.56241 0.013271 0.110497
14 0.708409 0.740434 0.013874 0.094127
2 0.334118 0.134745 0.020509 0.06548
2 0.335022 0.547064 0.021112 0.067526
2 0.333816 0.720994 0.018699 0.063434
2 0.506334 0.40178 0.024732 0.047064
2 0.729521 0.514324 0.023525 0.051156
2 0.671915 0.513301 0.026541 0.04911
2 0.820304 0.545017 0.022922 0.067526
2 0.727108 0.718948 0.025938 0.071619
7 0.508445 0.324023 0.036193 0.075711
7 0.730727 0.35574 0.03197 0.077757
7 0.728315 0.43759 0.028351 0.06548
1 0.361865 0.850931 0.008445 0.028647
1 0.382073 0.851954 0.009048 0.026601
1 0.445108 0.85707 0.010858 0.024555
1 0.463506 0.849908 0.010255 0.034786
1 0.493666 0.849908 0.012667 0.034786
1 0.514175 0.845815 0.007842 0.018416
1 0.546145 0.856047 0.012667 0.022509
1 0.566956 0.85707 0.013271 0.045017
0 0.488237 0.482607 0.013874 0.03274
0 0.521112 0.478514 0.010858 0.024555
0 0.607974 0.561387 0.014477 0.038879
0 0.67101 0.56548 0.010255 0.038879
0 0.681264 0.635052 0.012667 0.051156
0 0.60526 0.739411 0.011461 0.038879
0 0.614911 0.805914 0.011461 0.036832
19 0.610689 0.677 0.017493 0.045017
19 0.609784 0.502046 0.019303 0.047064
3 0.743093 0.772151 0.019303 0.034786
3 0.843528 0.593104 0.01508 0.040925
18 0.9512 0.767035 0.018096 0.069572
3 0.259621 0.454983 0.01508 0.042971
11 0.229159 0.300491 0.013271 0.053202