0 0.081633 0.467844 0.018315 0.055737
0 0.457614 0.384239 0.012559 0.051449
0 0.470958 0.498571 0.022501 0.065741
25 0.22292 0.638627 0.017268 0.114331
25 0.220827 0.880867 0.015175 0.112902
25 0.840659 0.379237 0.024071 0.138627
25 0.893773 0.096267 0.046572 0.052878
3 0.189691 0.410679 0.018838 0.03287
3 0.192046 0.666495 0.015175 0.03287
2 0.328885 0.160579 0.037677 0.072886
2 0.330194 0.329217 0.03192 0.058595
2 0.29618 0.325645 0.030874 0.065741
2 0.868132 0.362088 0.025641 0.078603
2 0.905808 0.172726 0.027734 0.085749
2 0.248561 0.364231 0.024594 0.074315
2 0.249084 0.619333 0.026688 0.072886
2 0.251177 0.858 0.028781 0.072886
4 0.220042 0.415681 0.013605 0.037158
6 0.205128 0.415681 0.008896 0.028583
6 0.234956 0.414251 0.008896 0.031441
0 0.29618 0.390671 0.010989 0.03287
19 0.463108 0.327074 0.015175 0.048591
1 0.482732 0.293489 0.011512 0.024295
1 0.508111 0.287772 0.013082 0.03287
1 0.591575 0.286343 0.008373 0.03287
1 0.619571 0.289916 0.009942 0.037158
1 0.657248 0.289916 0.012036 0.034299
1 0.687598 0.29206 0.009942 0.035729
1 0.724751 0.291345 0.015175 0.037158
1 0.753532 0.284914 0.012036 0.035729