25 0.303721 0.081145 0.019506 0.112528
25 0.789238 0.490623 0.018896 0.11878
25 0.697194 0.666708 0.016458 0.095857
25 0.307073 0.487497 0.015239 0.09169
25 0.307073 0.679211 0.016458 0.120864
2 0.326884 0.476036 0.019506 0.068767
2 0.326579 0.058223 0.018896 0.070851
2 0.326884 0.652121 0.020725 0.083354
2 0.495123 0.322872 0.024383 0.062516
2 0.719443 0.284321 0.02804 0.068767
2 0.660315 0.438526 0.026821 0.060432
2 0.719443 0.443736 0.025602 0.05418
2 0.808744 0.470826 0.020116 0.066683
2 0.717309 0.654205 0.020116 0.066683
3 0.251908 0.383304 0.006096 0.050013
3 0.832821 0.516671 0.01463 0.029174
3 0.733767 0.697966 0.012801 0.029174
18 0.937361 0.692757 0.023773 0.093773
0 0.59692 0.5 0.009753 0.037509
0 0.597835 0.669834 0.009143 0.043761
0 0.607893 0.742769 0.012191 0.047929
0 0.661534 0.49479 0.008534 0.035426
0 0.67464 0.571893 0.015239 0.060432
19 0.599664 0.44061 0.012801 0.056264
19 0.602711 0.61878 0.020116 0.062516
0 0.478665 0.40831 0.010972 0.033342
0 0.51463 0.407268 0.01341 0.039593
1 0.3534 0.778195 0.011582 0.022922
1 0.377783 0.78132 0.009143 0.037509
1 0.434777 0.777153 0.010972 0.037509
1 0.455197 0.782362 0.010363 0.02709
1 0.483237 0.78132 0.011582 0.029174
1 0.505486 0.780278 0.010972 0.02709
1 0.53505 0.783404 0.011582 0.025006
1 0.555775 0.78132 0.010363 0.025006