2 0.601303 0.257631 0.069864 0.136333
2 0.946914 0.418309 0.058075 0.098462
2 0.241938 0.464835 0.050652 0.104955
2 0.242812 0.743451 0.068118 0.119021
0 0.56397 0.371782 0.032749 0.042198
0 0.636017 0.366913 0.038862 0.058428
0 0.815045 0.501623 0.018776 0.074658
0 0.954774 0.500541 0.024889 0.066002
0 0.969402 0.592511 0.013973 0.057346
0 0.828581 0.875456 0.016156 0.067084
3 0.197181 0.538952 0.034496 0.034624
3 0.197836 0.804043 0.034932 0.056264
0 0.815045 0.774288 0.016156 0.078986
19 0.821595 0.411276 0.037989 0.073576
19 0.825743 0.682318 0.036679 0.072494
1 0.300886 0.937671 0.022706 0.042198
1 0.341932 0.951737 0.023579 0.055182
1 0.473801 0.940917 0.017466 0.044362
1 0.513973 0.938753 0.018339 0.044362
1 0.574886 0.940376 0.019649 0.038952
1 0.624228 0.943081 0.028382 0.042198
1 0.682521 0.937671 0.028819 0.057346
1 0.727714 0.940376 0.021396 0.0541