19 0.186534 0.512647 0.029652 0.031246
3 0.821409 0.338191 0.024357 0.051332
3 0.748602 0.576255 0.022769 0.03199
0 0.177797 0.555424 0.020651 0.030502
0 0.194211 0.634655 0.017474 0.038685
1 0.216451 0.484377 0.024887 0.03571
1 0.254575 0.483633 0.022769 0.02827
1 0.380067 0.481773 0.030182 0.027526
1 0.416338 0.483633 0.030711 0.040173
1 0.48385 0.490329 0.034418 0.032734
1 0.523828 0.485121 0.023298 0.026782
1 0.581544 0.485121 0.036006 0.02827
1 0.627081 0.490329 0.033888 0.034222
2 0.850532 0.398451 0.055068 0.06026
2 0.794139 0.541289 0.049244 0.069187
11 0.67103 0.780468 0.025416 0.032734