27 0.182369 0.374896 0.142189 0.061063
27 0.158862 0.502606 0.191496 0.099041
27 0.174055 0.639625 0.156522 0.066275
27 0.179215 0.893929 0.151936 0.064041
2 0.828812 0.100486 0.076254 0.067765
2 0.833972 0.286653 0.076254 0.072233
2 0.763451 0.283302 0.065934 0.087871
2 0.656522 0.322397 0.080268 0.079679
2 0.661682 0.587871 0.080268 0.08936
2 0.656809 0.84292 0.080841 0.079679
3 0.527234 0.370055 0.048734 0.034999
3 0.52838 0.64037 0.041854 0.030531
3 0.598901 0.643721 0.052174 0.041701
3 0.601768 0.898025 0.044147 0.03351
4 0.590015 0.372289 0.049307 0.030531
0 0.27439 0.41548 0.031534 0.046914