19 0.051934 0.745102 0.047264 0.059583
0 0.039645 0.807845 0.022687 0.038819
0 0.065641 0.898574 0.023632 0.037916
1 0.109597 0.037781 0.03214 0.020764
1 0.190891 0.037781 0.028359 0.018958
1 0.42674 0.039135 0.036866 0.019861
1 0.508035 0.040038 0.033085 0.025278
1 0.623833 0.03733 0.020796 0.019861
1 0.706545 0.035975 0.025523 0.022569
1 0.823761 0.040038 0.038757 0.018055
1 0.906946 0.039135 0.033085 0.01625
1 0.108179 0.704478 0.023632 0.019861
1 0.190891 0.706283 0.03214 0.023472
1 0.425322 0.709443 0.028359 0.024375
1 0.506144 0.707637 0.031194 0.022569
1 0.625723 0.70854 0.03214 0.022569
1 0.7056 0.705832 0.027413 0.018958
1 0.826597 0.706735 0.029304 0.018958
1 0.908364 0.706283 0.035921 0.021667