0 0.21127 0.38103 0.026039 0.035418
0 0.78222 0.307469 0.016083 0.039051
3 0.508807 0.337892 0.039059 0.025429
3 0.510339 0.62896 0.037527 0.033602
3 0.588074 0.627597 0.045952 0.021796
3 0.586542 0.897777 0.03523 0.022704
2 0.654704 0.284311 0.068927 0.079919
2 0.657767 0.570837 0.067396 0.073561
2 0.656619 0.842833 0.069693 0.083551
2 0.783751 0.240719 0.077352 0.063572
2 0.864167 0.241173 0.078884 0.066296
2 0.862252 0.050004 0.075054 0.065388
6 0.54442 0.337892 0.027571 0.025429
6 0.619857 0.339709 0.02221 0.029061
4 0.58233 0.341071 0.040591 0.037235