7 0.085355 0.179033 0.058016 0.077517
7 0.142348 0.18085 0.054603 0.078728
7 0.196951 0.180244 0.053238 0.082361
7 0.249848 0.181455 0.049826 0.082361
7 0.303769 0.182061 0.056651 0.076305
7 0.088427 0.595079 0.058699 0.08115
7 0.145419 0.598107 0.052556 0.084784
7 0.198999 0.595079 0.050508 0.078728
7 0.252237 0.596896 0.053238 0.077517
7 0.307864 0.59629 0.059381 0.078728
7 0.756977 0.057308 0.062111 0.076305
7 0.75766 0.159654 0.063476 0.072672
2 0.089109 0.185695 0.043683 0.056926
2 0.142348 0.18085 0.039587 0.052081
2 0.196269 0.182667 0.045048 0.053293
2 0.248824 0.180244 0.039587 0.05087
2 0.303086 0.181455 0.051191 0.05087
2 0.405468 0.235959 0.063476 0.072672
2 0.755953 0.059125 0.046413 0.05087
2 0.69862 0.243832 0.060064 0.076305
2 0.76039 0.242015 0.055286 0.077517
2 0.409222 0.646555 0.061429 0.092051
3 0.241316 0.342544 0.039587 0.043603
3 0.245753 0.762224 0.033445 0.035125
3 0.486008 0.761618 0.025254 0.036336
3 0.482936 0.344361 0.027302 0.039969
3 0.631048 0.346784 0.031397 0.035125
3 0.727628 0.352234 0.033445 0.038758
8 0.432428 0.347389 0.027302 0.033913
8 0.435158 0.761618 0.031397 0.031491
5 0.349499 0.349812 0.056651 0.104163
5 0.350182 0.765252 0.052556 0.099318
4 0.408198 0.727099 0.011603 0.035125
4 0.406833 0.309842 0.010238 0.029069
24 0.675072 0.347995 0.03481 0.044814
6 0.39796 0.765252 0.014333 0.031491
6 0.398642 0.349812 0.019794 0.031491
11 0.38465 0.344361 0.009556 0.035125
11 0.385333 0.766463 0.009556 0.038758
11 0.31742 0.764041 0.015698 0.029069
11 0.316055 0.347995 0.012968 0.039969
17 0.302745 0.351023 0.019111 0.031491
17 0.300356 0.76283 0.019794 0.031491