11 0.021012 0.613123 0.023817 0.022558
1 0.388854 0.609965 0.02911 0.019851
1 0.389515 0.6429 0.022494 0.018949
1 0.837409 0.612672 0.021171 0.018046
1 0.838732 0.639742 0.023817 0.018046
1 0.614454 0.541389 0.033079 0.010828
11 0.88372 0.134445 0.031756 0.014437
11 0.920768 0.022558 0.034402 0.010828
19 0.629671 0.484092 0.052927 0.027972
0 0.613793 0.522892 0.026463 0.022558
7 0.296232 0.474167 0.087329 0.046018
7 0.29954 0.523343 0.093945 0.039702
2 0.300863 0.568008 0.091299 0.036995
2 0.29557 0.478227 0.059543 0.025265
1 0.837409 0.809828 0.018524 0.017144
1 0.83807 0.8572 0.022494 0.02346
1 0.389515 0.857651 0.022494 0.020753
3 0.343204 0.855395 0.043665 0.021656
3 0.881073 0.8572 0.034402 0.021656
39 0.935985 0.856748 0.056896 0.024363
4 0.87975 0.812535 0.039695 0.020753
7 0.935985 0.685309 0.101884 0.046018
2 0.926723 0.773284 0.080713 0.034288
2 0.934662 0.683955 0.070128 0.030679
7 0.616439 0.736289 0.423415 0.303178