11 0.041025 0.626065 0.029933 0.021819
1 0.400223 0.625459 0.023281 0.018182
1 0.39856 0.655763 0.033259 0.020607
1 0.825939 0.627277 0.01663 0.014546
1 0.822613 0.652127 0.023281 0.020607
1 0.829265 0.831527 0.023281 0.018182
1 0.830096 0.878802 0.018292 0.025455
1 0.402717 0.876983 0.024944 0.019395
3 0.351997 0.873953 0.039911 0.020607
3 0.865018 0.876983 0.041574 0.029092
4 0.869176 0.832739 0.043237 0.025455
39 0.912412 0.878802 0.039911 0.023031
7 0.616407 0.753343 0.409086 0.298193
11 0.869176 0.141805 0.039911 0.013334
11 0.908255 0.024831 0.051552 0.019395
2 0.904929 0.788495 0.064855 0.038789
2 0.919896 0.699401 0.088136 0.047274
2 0.311255 0.486666 0.071507 0.046062
2 0.31957 0.579397 0.084811 0.035153
1 0.614744 0.554547 0.043237 0.01697
0 0.610586 0.528486 0.034922 0.030304
19 0.620564 0.500606 0.054877 0.02788