2 0.089966 0.495751 0.05701 0.047348
2 0.144784 0.497572 0.046047 0.053419
2 0.197408 0.497572 0.046047 0.053419
2 0.250033 0.5 0.048239 0.053419
2 0.301013 0.496965 0.047143 0.054633
2 0.401329 0.533387 0.054817 0.049777
2 0.682542 0.53885 0.058106 0.050991
2 0.742841 0.539457 0.053721 0.047348
2 0.740648 0.424728 0.053721 0.046134
2 0.405714 0.782877 0.052625 0.050991
2 0.0949 0.748883 0.053721 0.046134
2 0.152458 0.744634 0.054817 0.04492
2 0.20289 0.744634 0.050432 0.049777
2 0.258255 0.745241 0.04495 0.050991
2 0.309784 0.748883 0.049336 0.053419
3 0.245648 0.846615 0.035083 0.027923
3 0.250581 0.599553 0.033987 0.036422
3 0.481362 0.851471 0.028505 0.025495
3 0.481362 0.598946 0.041661 0.027923
8 0.425997 0.598946 0.027409 0.023067
8 0.429834 0.850864 0.026312 0.016997
3 0.711595 0.597732 0.03289 0.027923
3 0.622243 0.60016 0.029601 0.018211
24 0.661163 0.598946 0.03289 0.023067
17 0.297724 0.600767 0.016445 0.016997
17 0.298272 0.846615 0.017542 0.025495
1 0.315814 0.848436 0.010963 0.021853
1 0.314717 0.601981 0.010963 0.016997
4 0.404618 0.574058 0.019734 0.016997
4 0.406262 0.829011 0.014253 0.024281
5 0.350349 0.846008 0.053721 0.063131
5 0.348156 0.598339 0.051528 0.063131
11 0.597027 0.975913 0.031794 0.026709
11 0.898522 0.597732 0.020831 0.025495
1 0.381286 0.598875 0.009799 0.020867
1 0.382417 0.849693 0.009045 0.018363
6 0.394853 0.59804 0.014321 0.022536
6 0.396738 0.850528 0.013567 0.020032