7 0.065882 0.173185 0.057882 0.048663
7 0.135427 0.173738 0.057018 0.049769
7 0.20886 0.174844 0.060474 0.051981
7 0.308643 0.173185 0.057882 0.053087
7 0.379484 0.170973 0.057882 0.050875
7 0.453349 0.175396 0.057018 0.044239
7 0.06329 0.246732 0.056155 0.045345
7 0.135427 0.247285 0.055291 0.046451
7 0.208428 0.248944 0.054427 0.045345
7 0.311666 0.245626 0.060474 0.049769
7 0.381212 0.246732 0.054427 0.049769
7 0.450757 0.246179 0.058746 0.050875
2 0.06545 0.315302 0.053563 0.045345
2 0.136291 0.314749 0.060474 0.044239
2 0.208428 0.315302 0.057882 0.040921
2 0.310802 0.314749 0.055291 0.042027
2 0.381644 0.315855 0.050107 0.048663
2 0.450757 0.315302 0.060474 0.045345
0 0.263287 0.422029 0.027645 0.033179