8 0.942537 0.273195 0.013282 0.051841
8 0.957932 0.273195 0.012678 0.048961
0 0.943442 0.350237 0.013886 0.053281
0 0.959743 0.350957 0.010263 0.048961
1 0.943442 0.456079 0.016301 0.02016
1 0.960045 0.455359 0.013282 0.01872
16 0.949781 0.48992 0.043469 0.050401
7 0.418798 0.325756 0.039243 0.067681
7 0.458041 0.325756 0.04045 0.064801
7 0.496679 0.327916 0.038035 0.072001
7 0.535922 0.328636 0.039243 0.067681
7 0.573655 0.328636 0.038639 0.073442
7 0.573655 0.226394 0.037431 0.064801
7 0.604748 0.404238 0.018716 0.043201
7 0.605653 0.805286 0.012075 0.059041
7 0.418496 0.728245 0.041054 0.074882
7 0.457437 0.728965 0.039243 0.067681
7 0.496679 0.730405 0.038035 0.067681
7 0.533809 0.726085 0.039846 0.061921
7 0.573957 0.730405 0.04045 0.067681
7 0.573655 0.632483 0.032602 0.059041
2 0.64882 0.388398 0.041658 0.072001
2 0.64882 0.793046 0.048902 0.074882
4 0.649122 0.453199 0.012075 0.025921
4 0.649726 0.855687 0.012075 0.024481
3 0.531696 0.890968 0.029583 0.034561
3 0.704968 0.892408 0.025961 0.034561
3 0.705269 0.48632 0.021734 0.040321
3 0.531998 0.49064 0.020527 0.034561
17 0.570335 0.48848 0.016301 0.038881
1 0.581202 0.4892 0.010263 0.025921
1 0.632821 0.48848 0.008452 0.038881
6 0.640972 0.4928 0.010263 0.036001
5 0.606559 0.48704 0.041658 0.099362
17 0.572146 0.892408 0.011471 0.037441
1 0.580598 0.889528 0.009056 0.02304
1 0.631916 0.892408 0.006641 0.031681
6 0.641274 0.890968 0.013282 0.025921
5 0.606559 0.893128 0.039243 0.102242
8 0.666027 0.48992 0.021734 0.033121
8 0.66663 0.893848 0.022942 0.034561
11 0.246734 0.451759 0.024753 0.028801