7 0.405796 0.099624 0.041661 0.047558
7 0.446213 0.102942 0.040418 0.047558
7 0.487253 0.104601 0.036687 0.046452
7 0.526427 0.104048 0.039174 0.047558
7 0.566223 0.104601 0.042905 0.053089
7 0.564979 0.028286 0.025494 0.046452
7 0.406107 0.412072 0.043527 0.050877
7 0.448079 0.413178 0.040418 0.046452
7 0.487875 0.412625 0.040418 0.047558
7 0.526738 0.411519 0.041039 0.054195
7 0.566845 0.414284 0.040418 0.048664
7 0.565601 0.33631 0.032956 0.049771
7 0.406729 0.722861 0.041039 0.057513
7 0.445592 0.721202 0.042905 0.051983
7 0.487564 0.721755 0.038552 0.046452
7 0.527671 0.726732 0.035443 0.051983
7 0.566534 0.723414 0.041039 0.051983
7 0.567155 0.646546 0.029847 0.053089
2 0.643949 0.147182 0.044148 0.049771
2 0.642705 0.458525 0.045392 0.048664
2 0.645814 0.765443 0.042905 0.047558
7 0.596691 0.164879 0.021763 0.036498
7 0.600422 0.473456 0.02052 0.034286
7 0.601666 0.782033 0.019276 0.032074
3 0.521763 0.227921 0.023629 0.02765
3 0.523007 0.536498 0.024872 0.032074
3 0.522074 0.848394 0.021763 0.034286
3 0.700844 0.22958 0.023629 0.03318
3 0.701777 0.540369 0.026738 0.028756
3 0.702399 0.846181 0.024251 0.025438
4 0.643638 0.200824 0.011193 0.017696
4 0.643638 0.508295 0.007462 0.017696
4 0.645192 0.819084 0.008084 0.02212
17 0.564357 0.538157 0.010571 0.019908
17 0.563425 0.228474 0.007462 0.02212
17 0.564357 0.8495 0.010571 0.025438
1 0.573374 0.226815 0.006218 0.023226
1 0.573995 0.539263 0.007462 0.026544
1 0.573374 0.848394 0.009949 0.023226
1 0.625916 0.226815 0.00684 0.029862
1 0.626227 0.535392 0.007462 0.025438
1 0.627782 0.846181 0.005596 0.023226
6 0.635244 0.227368 0.00684 0.035392
6 0.636487 0.53871 0.010571 0.023226
6 0.637109 0.848394 0.009327 0.023226
8 0.660427 0.230133 0.017411 0.023226
8 0.66136 0.537604 0.019276 0.025438
8 0.662292 0.848947 0.022385 0.019908
5 0.600111 0.229027 0.037309 0.074103
5 0.600733 0.537051 0.041039 0.072997
5 0.600733 0.844522 0.042283 0.072997
11 0.911016 0.91586 0.021142 0.02765