2 0.340283 0.082785 0.05908 0.051535
2 0.394356 0.08114 0.047064 0.057018
2 0.442922 0.078947 0.050068 0.048246
2 0.494493 0.078399 0.043059 0.049342
2 0.547064 0.078947 0.052071 0.048246
2 0.63969 0.115132 0.057078 0.04386
2 0.340783 0.318531 0.052071 0.042763
2 0.393355 0.315789 0.047064 0.041667
2 0.44092 0.317434 0.048065 0.049342
2 0.489486 0.317434 0.051069 0.049342
2 0.54406 0.316338 0.048065 0.044956
2 0.639189 0.354167 0.050068 0.039474
2 0.340783 0.557018 0.056076 0.039474
2 0.393856 0.556469 0.046063 0.042763
2 0.443924 0.559759 0.046063 0.042763
2 0.493992 0.558662 0.048065 0.047149
2 0.542558 0.559759 0.053072 0.044956
2 0.63969 0.592105 0.055075 0.041667
2 0.340783 0.794408 0.054074 0.044956
2 0.393355 0.792763 0.049067 0.046053
2 0.44142 0.794408 0.049067 0.053728
2 0.494993 0.795504 0.042057 0.044956
2 0.546563 0.793311 0.051069 0.055921
2 0.638188 0.830044 0.054074 0.039474
3 0.486982 0.177632 0.026035 0.026316
3 0.709785 0.176535 0.029039 0.024123
3 0.487984 0.413925 0.020027 0.01864
3 0.710787 0.411732 0.027037 0.020833
3 0.482977 0.655702 0.036049 0.019737
3 0.712289 0.650219 0.030041 0.026316
3 0.484479 0.893092 0.025034 0.016447
3 0.711287 0.891447 0.032044 0.017544
17 0.538552 0.178728 0.017023 0.017544
17 0.53705 0.413377 0.018025 0.017544
17 0.538552 0.651864 0.017023 0.023026
17 0.53655 0.890351 0.019026 0.019737
1 0.554574 0.178728 0.011015 0.017544
1 0.619162 0.177632 0.010014 0.024123
1 0.557578 0.413925 0.011015 0.027412
1 0.616158 0.414474 0.012016 0.02193
1 0.554574 0.652412 0.009012 0.026316
1 0.616158 0.654057 0.014019 0.020833
1 0.555075 0.889803 0.014019 0.025219
1 0.618661 0.895833 0.011015 0.017544
8 0.666727 0.177632 0.025034 0.019737
8 0.663723 0.417215 0.029039 0.016447
8 0.661219 0.654605 0.028038 0.015351
8 0.666226 0.892544 0.030041 0.017544
6 0.634182 0.178728 0.012016 0.024123
6 0.631178 0.416118 0.014019 0.025219
6 0.630678 0.654057 0.013018 0.025219
6 0.631178 0.895285 0.016022 0.01864
4 0.639189 0.630482 0.018025 0.019737
4 0.63969 0.871162 0.01502 0.014254
4 0.640191 0.395833 0.016022 0.024123
4 0.640191 0.151864 0.02203 0.016447
5 0.586117 0.179276 0.050068 0.058114
5 0.586618 0.416118 0.049067 0.058114
5 0.58812 0.654057 0.046063 0.058114
5 0.587118 0.896382 0.050068 0.064693
11 0.972643 0.94682 0.018025 0.025219