2 0.182918 0.578616 0.029301 0.119923
2 0.212481 0.573286 0.024592 0.130583
2 0.239951 0.567957 0.026162 0.130583
2 0.266113 0.573286 0.025115 0.135913
2 0.296199 0.577284 0.029825 0.143908
2 0.347215 0.667893 0.027208 0.111928
2 0.612496 0.405394 0.034534 0.125253
2 0.615112 0.686547 0.031394 0.085279
2 0.649123 0.409391 0.030348 0.143908
2 0.684703 0.405394 0.029301 0.151903
2 0.734149 0.405394 0.032964 0.130583
2 0.77156 0.406726 0.031394 0.122588
2 0.804524 0.401396 0.034534 0.127918
2 0.649646 0.685215 0.026162 0.109263
2 0.688104 0.67722 0.042382 0.114593
2 0.738073 0.683882 0.027208 0.101269
2 0.771298 0.679885 0.030871 0.109263
2 0.807925 0.686547 0.032964 0.117258
11 0.06519 0.769161 0.012558 0.042639
3 0.260096 0.821128 0.020406 0.061294
3 0.386196 0.825125 0.017267 0.047969
0 0.710864 0.897079 0.013604 0.069289
0 0.555725 0.621256 0.010988 0.077284
0 0.567498 0.623921 0.010465 0.071954
1 0.553893 0.777156 0.012558 0.03198
1 0.567236 0.774491 0.013081 0.02665
16 0.559911 0.83845 0.029825 0.058629
8 0.556248 0.50533 0.009942 0.079949
8 0.568021 0.501332 0.011511 0.093274
17 0.291752 0.82779 0.009418 0.047969
1 0.300908 0.830455 0.005756 0.047969
1 0.335965 0.82779 0.005756 0.047969
6 0.342244 0.825125 0.008895 0.063959
4 0.347738 0.767829 0.008372 0.050634
8 0.358464 0.818463 0.014127 0.066624
5 0.317652 0.821128 0.030871 0.173222