2 0.049457 0.314501 0.073888 0.115803
2 0.111759 0.313965 0.077823 0.144753
2 0.17581 0.322543 0.067767 0.11902
2 0.241829 0.32576 0.071265 0.127598
2 0.306317 0.332193 0.090065 0.166198
2 0.737404 0.272147 0.069079 0.127598
2 0.732376 0.581491 0.073014 0.135103
2 0.641 0.583635 0.092251 0.132959
2 0.376489 0.573985 0.07826 0.122236
7 0.30588 0.605616 0.030605 0.082563
3 0.160071 0.738039 0.052028 0.051468
3 0.161819 0.920321 0.04853 0.075057
3 0.461963 0.746617 0.051591 0.066479
3 0.461963 0.469441 0.043721 0.048251
27 0.920813 0.733214 0.132474 0.112586
8 0.617609 0.737503 0.036725 0.061118
4 0.372335 0.680138 0.027107 0.06219
1 0.346977 0.738575 0.013116 0.037529
1 0.259317 0.742864 0.0188 0.063263
17 0.247949 0.742864 0.027544 0.058974
5 0.301726 0.732142 0.084381 0.151187