2 0.081799 0.164294 0.075639 0.098611
2 0.581104 0.284342 0.077388 0.12262
2 0.651059 0.286486 0.080886 0.118333
2 0.723856 0.2852 0.076076 0.110616
2 0.796872 0.286057 0.081323 0.105471
2 0.86639 0.290773 0.085695 0.128623
2 0.942466 0.51372 0.074327 0.118333
2 0.422394 0.528726 0.088756 0.100326
2 0.269804 0.537301 0.099249 0.112331
0 0.079176 0.256474 0.020549 0.058309
0 0.21537 0.142 0.034978 0.036872
0 0.135359 0.721231 0.019238 0.065169
0 0.169243 0.734951 0.024047 0.063454
1 0.180174 0.185731 0.04241 0.030012
1 0.104098 0.296776 0.022298 0.061739
1 0.178206 0.584034 0.043722 0.037729
1 0.81458 0.668496 0.025796 0.054022
1 0.914921 0.668925 0.010493 0.042874
4 0.943122 0.625193 0.0188 0.056594
7 0.863548 0.542874 0.035415 0.072029
5 0.861581 0.659921 0.088318 0.14663
17 0.803212 0.672355 0.030168 0.036014
3 0.726261 0.668925 0.043285 0.058309
0 0.27199 0.620477 0.03454 0.064311