1 0.09731 0.312764 0.025332 0.080872
1 0.166754 0.197609 0.041929 0.050985
1 0.176581 0.613397 0.042365 0.054501
1 0.817523 0.699103 0.01485 0.050105
1 0.915356 0.703938 0.011356 0.050985
2 0.073943 0.183105 0.083421 0.104606
2 0.577524 0.300457 0.079927 0.11955
2 0.649808 0.300018 0.080363 0.10988
2 0.724493 0.302655 0.072502 0.116913
2 0.790444 0.300018 0.075996 0.118671
2 0.864911 0.304413 0.079053 0.122187
7 0.865129 0.569884 0.0297 0.067686
7 0.940033 0.534722 0.081674 0.134494
4 0.944619 0.641086 0.022711 0.067686
17 0.800489 0.700422 0.03232 0.063291
5 0.869934 0.696027 0.087352 0.181083
3 0.731918 0.696906 0.055905 0.038678
2 0.42182 0.551424 0.089099 0.102848
2 0.265898 0.549226 0.08211 0.107243
0 0.269174 0.652514 0.028389 0.072961
0 0.162823 0.758439 0.027079 0.047468
0 0.133342 0.750527 0.029263 0.066807
0 0.212395 0.152338 0.036251 0.044831
0 0.074598 0.267932 0.021838 0.063291