2 0.024516 0.457798 0.048857 0.107262
2 0.079698 0.459117 0.068487 0.099349
2 0.142514 0.462194 0.075467 0.100229
2 0.205331 0.46659 0.072849 0.107262
2 0.275563 0.464392 0.070232 0.115175
2 0.348194 0.677158 0.070668 0.104625
2 0.724219 0.429225 0.084627 0.131001
2 0.625851 0.678038 0.060635 0.113417
2 0.728145 0.701776 0.08899 0.118692
3 0.438492 0.594953 0.040133 0.065061
3 0.440455 0.818709 0.052783 0.053631
3 0.128119 0.826622 0.047548 0.069457
3 0.124629 0.968613 0.046676 0.040443
17 0.212965 0.82926 0.032281 0.041322
1 0.235866 0.82882 0.027482 0.058027
1 0.320494 0.829699 0.017013 0.058027
4 0.349066 0.776068 0.017449 0.047477
8 0.602513 0.822226 0.04275 0.055389
27 0.920302 0.82882 0.145263 0.072094
7 0.276871 0.702655 0.035334 0.06594
5 0.274472 0.816072 0.079393 0.134517