2 0.076926 0.177844 0.079067 0.108984
2 0.574043 0.298598 0.07732 0.125549
2 0.644374 0.306009 0.078193 0.115959
2 0.71798 0.307317 0.071641 0.113343
2 0.784379 0.302957 0.077756 0.122062
2 0.858422 0.304701 0.083435 0.127293
2 0.932465 0.5279 0.074262 0.118574
2 0.418094 0.552312 0.082562 0.127293
2 0.263018 0.551004 0.079067 0.096778
1 0.176961 0.202256 0.050236 0.042722
1 0.101608 0.303393 0.023589 0.070621
1 0.175651 0.600701 0.039752 0.034003
1 0.807531 0.69094 0.022715 0.048825
1 0.906692 0.691811 0.0166 0.06975
7 0.855801 0.56539 0.032763 0.099393
0 0.214966 0.152996 0.047615 0.04185
0 0.075179 0.271134 0.021405 0.060159
0 0.131094 0.739328 0.029268 0.067134
0 0.168443 0.754586 0.027957 0.064518
0 0.264983 0.643859 0.022715 0.062775
3 0.713612 0.686144 0.041062 0.058415
17 0.792897 0.697914 0.038878 0.043593
5 0.859296 0.687016 0.094793 0.194427
4 0.936397 0.626421 0.021842 0.048825