2 0.100113 0.334759 0.087689 0.089861
2 0.587468 0.441702 0.076232 0.092832
2 0.659735 0.445415 0.067419 0.100258
2 0.723628 0.442816 0.080638 0.102486
2 0.79259 0.450242 0.077554 0.115854
2 0.861331 0.439474 0.080198 0.112141
2 0.93602 0.633678 0.074469 0.09803
2 0.433022 0.645189 0.081079 0.085405
2 0.276151 0.643704 0.103993 0.104714
0 0.230104 0.32102 0.037455 0.029706
0 0.106282 0.413852 0.031286 0.051986
0 0.280998 0.72094 0.022032 0.048273
0 0.185598 0.813029 0.030405 0.052729
0 0.157397 0.811544 0.025117 0.051243
1 0.128535 0.455812 0.023795 0.043817
1 0.194852 0.361123 0.043624 0.040103
1 0.190005 0.688634 0.048912 0.038618
1 0.817486 0.761786 0.011897 0.043817
1 0.909581 0.763643 0.024236 0.051986
3 0.726052 0.758815 0.044065 0.045302
7 0.863093 0.6567 0.036133 0.06981
5 0.861992 0.759187 0.092095 0.14259
17 0.802725 0.762529 0.031727 0.055699
4 0.933597 0.713885 0.018507 0.037133