2 0.046049 0.302277 0.070644 0.115942
2 0.108626 0.293996 0.066719 0.115942
2 0.173382 0.299172 0.068027 0.132505
2 0.234432 0.295031 0.065411 0.128364
2 0.290904 0.295549 0.07544 0.116977
2 0.722833 0.254141 0.075877 0.114907
2 0.634092 0.554865 0.065847 0.130435
2 0.717818 0.556936 0.071952 0.115942
2 0.361547 0.536232 0.092883 0.136646
7 0.294828 0.569358 0.029217 0.068323
3 0.157902 0.700828 0.037938 0.045549
3 0.156375 0.876294 0.037502 0.052795
3 0.451596 0.700311 0.039246 0.052795
3 0.450724 0.451863 0.046224 0.052795
27 0.907509 0.694099 0.137363 0.112836
8 0.610762 0.707557 0.037502 0.050725
1 0.339089 0.69824 0.013082 0.052795
1 0.254274 0.700828 0.017007 0.035197
17 0.243372 0.702899 0.030089 0.045549
5 0.293084 0.698758 0.085906 0.163561
4 0.3646 0.645445 0.011774 0.048654