2 0.063073 0.33336 0.071326 0.116159
2 0.12346 0.332275 0.066075 0.116159
2 0.185815 0.332818 0.064762 0.115074
2 0.245545 0.32359 0.067825 0.127015
2 0.306807 0.325218 0.071326 0.117245
2 0.733888 0.287222 0.064325 0.123758
2 0.642871 0.592819 0.061699 0.096618
2 0.736514 0.590648 0.070451 0.103132
27 0.916142 0.751859 0.138276 0.12593
27 0.375508 0.584134 0.068701 0.113988
7 0.310089 0.611817 0.021879 0.069478
1 0.267206 0.751316 0.014003 0.042338
1 0.352316 0.750231 0.01444 0.051023
3 0.171375 0.742631 0.042883 0.06405
3 0.167874 0.922298 0.053385 0.065136
3 0.466087 0.745888 0.036319 0.048852
3 0.464775 0.488058 0.046821 0.060794
8 0.619898 0.752945 0.031506 0.067307
4 0.377258 0.687809 0.023192 0.047766
5 0.314027 0.749688 0.072639 0.154155
17 0.254735 0.749688 0.031944 0.058622