0 0.069339 0.237286 0.014198 0.068295
0 0.198774 0.101798 0.026975 0.033046
0 0.256038 0.670737 0.016564 0.053975
0 0.153578 0.793006 0.014198 0.056178
0 0.12258 0.7886 0.018457 0.049569
3 0.710598 0.728567 0.035967 0.055076
4 0.923799 0.658069 0.009938 0.046264
2 0.925455 0.54351 0.067202 0.101341
2 0.567202 0.278042 0.067202 0.105747
2 0.636061 0.280796 0.066729 0.102442
2 0.706102 0.282999 0.068622 0.111254
2 0.77709 0.281897 0.065782 0.104645
2 0.844529 0.281897 0.066256 0.111254
2 0.409135 0.559483 0.072881 0.109051
2 0.255564 0.567744 0.069568 0.116762
2 0.069339 0.13209 0.070988 0.098036
1 0.165173 0.631633 0.029815 0.05067
1 0.167539 0.161831 0.037387 0.029741
1 0.093948 0.29126 0.02177 0.074904
1 0.800516 0.726915 0.009465 0.056178
1 0.894931 0.724161 0.008992 0.041858
6 0.908891 0.725262 0.017037 0.046264
17 0.787265 0.734075 0.024609 0.041858
5 0.847368 0.726915 0.071935 0.146503
7 0.843582 0.577658 0.02177 0.057279