5 0.295242 0.718385 0.062019 0.169855
3 0.452657 0.714554 0.034087 0.047253
3 0.148242 0.712 0.031246 0.037036
3 0.15061 0.913144 0.035981 0.038313
1 0.249793 0.717747 0.008995 0.043422
1 0.33714 0.713915 0.013256 0.043422
8 0.613386 0.712 0.03172 0.067687
3 0.45242 0.424012 0.032667 0.045976
7 0.290981 0.555554 0.020357 0.053638
2 0.362706 0.521072 0.063439 0.107277
2 0.635874 0.535759 0.059652 0.100891
2 0.729376 0.537675 0.063913 0.109831
2 0.728903 0.194772 0.060125 0.113662
2 0.040301 0.246494 0.060599 0.109831
2 0.10232 0.244579 0.059652 0.113662
2 0.165523 0.249049 0.059179 0.109831
2 0.228015 0.245856 0.058232 0.108554
2 0.291455 0.246494 0.06486 0.109831
17 0.235827 0.715192 0.023671 0.033205
6 0.349686 0.713277 0.017517 0.03959