2 0.036497 0.130826 0.068037 0.110487
2 0.228088 0.565336 0.073234 0.114736
2 0.38755 0.557899 0.069927 0.104112
2 0.92098 0.543026 0.068982 0.110487
2 0.552682 0.280089 0.069455 0.111549
2 0.624499 0.279027 0.06851 0.111549
2 0.696788 0.282214 0.06851 0.10305
2 0.767188 0.277433 0.069455 0.104112
2 0.838768 0.279558 0.069927 0.108362
7 0.839241 0.573304 0.022679 0.056306
4 0.920508 0.654575 0.01134 0.04462
0 0.17328 0.105329 0.022207 0.029746
0 0.037678 0.24025 0.013702 0.072241
0 0.092013 0.783122 0.013702 0.057368
0 0.125087 0.797464 0.014647 0.060555
0 0.22856 0.669448 0.014647 0.067992
3 0.700568 0.722567 0.031656 0.04037
1 0.135481 0.156854 0.028821 0.032934
1 0.064137 0.288588 0.016537 0.06268
1 0.795064 0.72416 0.013702 0.043557
1 0.88956 0.722036 0.015592 0.047807
1 0.133591 0.629078 0.028821 0.038245
17 0.777818 0.725754 0.021734 0.04037
6 0.906569 0.725754 0.022207 0.050994
5 0.84184 0.726285 0.06662 0.156169