5 0.291292 0.730769 0.060577 0.162531
6 0.348083 0.727047 0.020823 0.05335
3 0.147184 0.73263 0.030762 0.037221
3 0.144108 0.926179 0.028396 0.042184
3 0.449834 0.730149 0.035021 0.049628
3 0.453147 0.453474 0.035021 0.044665
4 0.362281 0.670596 0.010412 0.042184
17 0.234027 0.736973 0.020823 0.040943
1 0.249172 0.727667 0.008519 0.034739
1 0.332466 0.73201 0.010412 0.03598
2 0.729058 0.227047 0.064363 0.112903
2 0.730005 0.554591 0.06247 0.105459
2 0.637956 0.555831 0.062944 0.110422
2 0.034311 0.26799 0.063417 0.102978
2 0.097492 0.271092 0.058211 0.101737
2 0.162328 0.272953 0.060104 0.110422
2 0.225035 0.273573 0.057738 0.1067
2 0.287979 0.270471 0.06531 0.110422
2 0.362044 0.547146 0.062944 0.120347
7 0.288926 0.580645 0.02461 0.058313
8 0.615476 0.730769 0.035021 0.040943