2 0.04771 0.145319 0.073497 0.100619
2 0.244173 0.567415 0.075382 0.10565
2 0.407657 0.558862 0.068786 0.102631
2 0.951113 0.545278 0.070199 0.113699
5 0.870077 0.721361 0.072084 0.153947
2 0.575853 0.288701 0.07067 0.0976
2 0.648879 0.289707 0.07067 0.10565
2 0.723083 0.291216 0.070199 0.096594
2 0.793518 0.288197 0.068786 0.102631
2 0.86725 0.291216 0.067372 0.100619
7 0.869135 0.578986 0.024028 0.058359
17 0.806945 0.727902 0.023086 0.048297
0 0.106366 0.778714 0.010836 0.051316
0 0.138874 0.788776 0.011778 0.065402
0 0.244644 0.665518 0.01225 0.054334
0 0.187872 0.116139 0.028739 0.030186
0 0.047945 0.251472 0.015547 0.06339
1 0.074329 0.300272 0.018374 0.058359
1 0.151831 0.166449 0.033922 0.032198
1 0.921431 0.718846 0.013663 0.036223
1 0.823199 0.723374 0.009423 0.039241
6 0.935801 0.722368 0.018845 0.043266
3 0.726145 0.723374 0.038633 0.047291
4 0.951819 0.661493 0.011307 0.052322
1 0.149004 0.624264 0.023557 0.038235