2 0.072142 0.163974 0.067854 0.108293
2 0.569032 0.304648 0.069268 0.100861
2 0.638064 0.306771 0.067854 0.100861
2 0.709452 0.304648 0.067383 0.102984
2 0.777542 0.307302 0.065027 0.101923
2 0.845867 0.30571 0.068797 0.102984
2 0.923617 0.559455 0.067854 0.102984
2 0.411177 0.573257 0.065498 0.100861
2 0.257092 0.580158 0.068325 0.099799
7 0.846339 0.592898 0.021676 0.055208
0 0.127509 0.79409 0.01932 0.06264
0 0.160729 0.800991 0.016964 0.061578
0 0.074969 0.261649 0.016021 0.057332
0 0.204787 0.133715 0.029686 0.030789
4 0.924088 0.671995 0.010367 0.047776
3 0.711102 0.735696 0.032985 0.047776
0 0.257799 0.682612 0.014136 0.060517
1 0.800867 0.732511 0.014607 0.041406
1 0.894638 0.734635 0.008953 0.039283
6 0.911366 0.742066 0.02356 0.05627
17 0.788616 0.738881 0.022147 0.037159
5 0.848695 0.73782 0.067854 0.156069
1 0.167091 0.635897 0.022147 0.026542
1 0.099472 0.317388 0.015079 0.06264
1 0.166855 0.186269 0.032042 0.029727