2 0.043757 0.243881 0.062719 0.111072
2 0.105297 0.240614 0.060361 0.109765
2 0.169194 0.240614 0.060832 0.112379
2 0.23262 0.245188 0.062247 0.111072
2 0.297225 0.239308 0.060361 0.112379
2 0.366546 0.527441 0.060361 0.116299
2 0.640292 0.545082 0.065548 0.120219
2 0.729418 0.545735 0.061776 0.118912
2 0.72989 0.192919 0.061776 0.111072
8 0.617185 0.718224 0.029709 0.043122
3 0.152925 0.722797 0.029237 0.052269
3 0.152925 0.932527 0.03018 0.048349
3 0.455201 0.71953 0.032067 0.048349
3 0.456144 0.42617 0.037726 0.044429
1 0.253134 0.716264 0.00896 0.06011
1 0.340845 0.720184 0.00896 0.044429
5 0.297933 0.720184 0.063662 0.172488
6 0.35122 0.722797 0.013676 0.06011
17 0.243466 0.71953 0.021692 0.040509
7 0.295339 0.558803 0.01792 0.061416