3 0.164528 0.713016 0.033924 0.047483
3 0.165234 0.921415 0.029684 0.052759
3 0.4616 0.714994 0.033453 0.035613
3 0.461364 0.419542 0.03204 0.035613
4 0.374433 0.645748 0.012722 0.044845
8 0.618028 0.715654 0.034395 0.052759
2 0.057572 0.238182 0.05654 0.113433
2 0.117882 0.238841 0.061252 0.106838
2 0.182903 0.235544 0.06031 0.121346
2 0.242506 0.234884 0.058896 0.120027
2 0.303994 0.236863 0.06031 0.113433
2 0.374669 0.517806 0.059367 0.123984
2 0.642529 0.530337 0.060781 0.1042
2 0.731815 0.531656 0.062194 0.1042
2 0.732758 0.184763 0.057483 0.106838
7 0.304465 0.552759 0.016962 0.067268
17 0.250752 0.72093 0.018847 0.055397
6 0.359592 0.70774 0.015077 0.058035
1 0.347106 0.716973 0.009895 0.044845
1 0.263944 0.714994 0.006596 0.040888
5 0.307292 0.713675 0.05654 0.178063