1 0.202203 0.195877 0.029904 0.03278
1 0.19535 0.75556 0.03115 0.030352
0 0.86259 0.22805 0.029904 0.046134
0 0.869443 0.350063 0.056071 0.04492
0 0.870689 0.520639 0.041118 0.046134
0 0.866951 0.6554 0.04361 0.048563
0 0.871312 0.779842 0.057317 0.042492
0 0.873804 0.906711 0.057317 0.046134
1 0.81711 0.98259 0.028658 0.027923
4 0.277587 0.167954 0.026166 0.03278
2 0.27821 0.109679 0.107157 0.054633
1 0.203449 0.325175 0.034888 0.041278
1 0.202203 0.501214 0.02492 0.029138
1 0.202203 0.631726 0.032396 0.025495
1 0.200957 0.8885 0.03738 0.024281