4 0.153757 0.546209 0.027156 0.061031
4 0.265255 0.547081 0.028723 0.0558
3 0.383802 0.696171 0.032901 0.106368
0 0.524284 0.609856 0.027679 0.101137
0 0.680433 0.632524 0.03499 0.0558
2 0.723778 0.447688 0.047524 0.149962
2 0.558229 0.387529 0.051701 0.120318
2 0.626381 0.387529 0.04909 0.116831
2 0.211986 0.401479 0.046479 0.102881
2 0.623509 0.063193 0.038123 0.074981
7 0.214598 0.247158 0.061102 0.142987
7 0.628209 0.070168 0.07468 0.134268
7 0.627165 0.244542 0.066324 0.113343
4 0.681738 0.544465 0.032379 0.057543