3 0.050286 0.643532 0.033312 0.090843
3 0.766497 0.688348 0.053934 0.066618
3 0.975624 0.641715 0.031197 0.087209
3 0.882561 0.510901 0.028025 0.043605
3 0.680044 0.512718 0.035427 0.042393
8 0.853479 0.513324 0.028025 0.050872
6 0.81673 0.512112 0.01692 0.055717
6 0.708598 0.510296 0.014277 0.047238
11 0.724196 0.510296 0.011633 0.044816
11 0.79981 0.513324 0.014805 0.050872
5 0.760152 0.515141 0.062394 0.141715
2 0.829685 0.383115 0.060808 0.088421
2 0.347187 0.386749 0.074027 0.110223
2 0.642502 0.213542 0.053405 0.073886
2 0.705954 0.213542 0.05129 0.078731
2 0.76544 0.211725 0.049704 0.070252
2 0.823868 0.21233 0.04706 0.069041
2 0.887849 0.214147 0.048118 0.070252
7 0.341899 0.242006 0.07297 0.118702
7 0.643031 0.210514 0.069268 0.118702
7 0.708069 0.214753 0.058693 0.129603
7 0.766762 0.213542 0.05552 0.124758
7 0.824662 0.211119 0.062394 0.12718
7 0.891286 0.21233 0.062394 0.132025
4 0.8318 0.457607 0.017449 0.036337
4 0.419363 0.512112 0.025909 0.04845
4 0.269459 0.513929 0.028553 0.039971
3 0.577464 0.638081 0.035427 0.113857
6 0.603374 0.50969 0.029082 0.043605