1 0.028615 0.391472 0.02535 0.02789
3 0.267627 0.942601 0.059149 0.06063
4 0.351523 0.5673 0.028971 0.054567
2 0.39679 0.644906 0.076049 0.078819
2 0.117943 0.309015 0.083292 0.056992
2 0.240467 0.309015 0.098985 0.059418
2 0.348505 0.307196 0.092949 0.063056
2 0.115529 0.146525 0.066392 0.042441
2 0.23081 0.144706 0.070014 0.041229
7 0.122168 0.148344 0.106228 0.067906
7 0.228999 0.145919 0.097778 0.067906
7 0.119754 0.229589 0.096571 0.065481
7 0.233224 0.229589 0.098985 0.065481
0 0.185542 0.427244 0.04225 0.041229
3 0.423347 0.393897 0.04225 0.03274
8 0.378683 0.390865 0.039835 0.029103