3 0.270974 0.648552 0.021911 0.0851
3 0.671118 0.638847 0.030259 0.098537
3 0.747547 0.511944 0.02452 0.047775
3 0.903796 0.509704 0.020868 0.043297
3 0.976051 0.62989 0.016173 0.083607
3 0.811455 0.686623 0.032345 0.062705
4 0.435309 0.511197 0.020868 0.037325
4 0.549562 0.505225 0.021911 0.049268
4 0.859973 0.458196 0.012521 0.038818
6 0.691464 0.511944 0.014608 0.047775
6 0.851626 0.51269 0.014608 0.031353
6 0.767371 0.510451 0.014086 0.044789
1 0.780936 0.513437 0.007826 0.041804
1 0.839627 0.511944 0.007304 0.041804
2 0.493479 0.388773 0.047475 0.091072
2 0.716506 0.225291 0.050083 0.107495
2 0.765545 0.224545 0.044866 0.103016
2 0.813803 0.222305 0.043301 0.107495
2 0.859191 0.220812 0.041214 0.119439
2 0.906144 0.221559 0.052692 0.108988
5 0.809107 0.511197 0.044345 0.135861
8 0.878754 0.517169 0.020868 0.043297