1 0.533354 0.256003 0.016102 0.01582
1 0.079432 0.974608 0.017635 0.031641
1 0.460129 0.980693 0.016869 0.024339
0 0.486965 0.484788 0.021469 0.049895
0 0.491949 0.647859 0.022236 0.042593
0 0.49655 0.803019 0.025303 0.055979
0 0.625365 0.285818 0.026837 0.053546
4 0.025376 0.55172 0.021469 0.030424
4 0.705492 0.402644 0.021469 0.053546
3 0.663703 0.730003 0.026837 0.053546
3 0.748813 0.250526 0.020703 0.024339
8 0.725044 0.249918 0.025303 0.032858
2 0.579743 0.040603 0.046006 0.064498
2 0.582427 0.179335 0.046772 0.057196
2 0.646834 0.17751 0.052906 0.053546
2 0.706642 0.176293 0.043705 0.058413
2 0.643767 0.03391 0.062108 0.058413
2 0.730795 0.472619 0.05214 0.0718
2 0.026143 0.493307 0.044472 0.052329