1 0.119288 0.165439 0.025792 0.028987
1 0.123213 0.296485 0.020185 0.020533
1 0.124334 0.480675 0.024671 0.033818
1 0.122091 0.606287 0.022428 0.028987
1 0.122091 0.740353 0.017942 0.028987
1 0.121531 0.874419 0.019064 0.024156
1 0.692318 0.971647 0.019064 0.018117
4 0.188814 0.138263 0.023549 0.027779
0 0.73381 0.196238 0.028035 0.032611
0 0.738856 0.323057 0.029156 0.042273
0 0.741099 0.5 0.044856 0.041065
0 0.748949 0.632254 0.042613 0.044689
0 0.74222 0.76632 0.044856 0.044689
0 0.748388 0.898575 0.050463 0.03865
2 0.189375 0.077269 0.074012 0.055559