7 0.517296 0.186114 0.039446 0.065158
7 0.564631 0.184861 0.04066 0.065158
7 0.518509 0.25879 0.041874 0.062652
7 0.566755 0.261923 0.041267 0.056387
2 0.515778 0.327707 0.04248 0.050122
2 0.566451 0.329587 0.043087 0.048869
2 0.61409 0.329587 0.038839 0.051375
2 0.089458 0.645352 0.043087 0.048869
2 0.633813 0.618412 0.033377 0.07017
4 0.091885 0.697354 0.013958 0.027567
0 0.444776 0.635328 0.013351 0.04135
0 0.444472 0.795717 0.012744 0.033832
0 0.445382 0.957359 0.015778 0.02882
0 0.547335 0.432336 0.013351 0.036338
1 0.48058 0.402263 0.016992 0.026314
3 0.644433 0.402263 0.016992 0.036338
3 0.584961 0.879044 0.014565 0.052628
8 0.628048 0.399757 0.016992 0.026314
13 0.627441 0.552001 0.048549 0.045109