3 0.341925 0.577909 0.016384 0.063668
7 0.545511 0.251194 0.047332 0.080422
7 0.749704 0.222711 0.04187 0.080422
7 0.792181 0.221873 0.04187 0.082098
7 0.833445 0.220198 0.04187 0.0888
7 0.876225 0.221035 0.041263 0.087124
7 0.918095 0.220198 0.041263 0.0888
7 0.916275 0.103753 0.037623 0.083773
7 0.829804 0.367638 0.026093 0.061992
2 0.544297 0.36345 0.049759 0.07372
2 0.876832 0.360099 0.043691 0.083773
1 0.979383 0.034221 0.019418 0.048588
4 0.493932 0.469004 0.025486 0.046913
4 0.596787 0.472355 0.027307 0.043562
6 0.724521 0.467328 0.016991 0.050264
3 0.702069 0.575396 0.019418 0.075396
3 0.775494 0.468166 0.020632 0.038536
3 0.832838 0.623984 0.024879 0.048588
3 0.914758 0.468166 0.024879 0.038536
8 0.894126 0.47403 0.016384 0.040211
4 0.877135 0.422929 0.010316 0.028483
6 0.794305 0.468166 0.007282 0.041887
6 0.868943 0.469842 0.010923 0.041887
1 0.803407 0.469842 0.007282 0.031834
1 0.858324 0.470679 0.010316 0.030158
5 0.830714 0.471517 0.043691 0.122309
3 0.981507 0.579584 0.018811 0.080422
1 0.701462 0.035897 0.019418 0.045237