7 0.177258 0.311732 0.050674 0.09373
7 0.565755 0.17437 0.048261 0.090498
7 0.565755 0.305268 0.047054 0.087266
2 0.177258 0.422431 0.048261 0.069489
2 0.500603 0.412734 0.047054 0.082418
2 0.564247 0.41435 0.042831 0.075953
2 0.660466 0.459599 0.036195 0.08565
13 0.62035 0.48788 0.02956 0.129282
4 0.124473 0.535553 0.028353 0.040401
4 0.228836 0.531513 0.02594 0.035553
3 0.336216 0.643019 0.015081 0.054945
0 0.468329 0.58161 0.015081 0.045249
0 0.620651 0.596154 0.028956 0.045249
1 0.336518 0.106496 0.02413 0.051713