1 0.477187 0.130561 0.019357 0.023159
1 0.475459 0.267308 0.0159 0.031981
1 0.477187 0.457542 0.020739 0.028673
1 0.478915 0.601458 0.021431 0.02757
1 0.477187 0.742617 0.016591 0.031981
1 0.474767 0.878813 0.022813 0.030878
4 0.52627 0.098028 0.022122 0.028673
1 0.884714 0.985785 0.029726 0.024262
0 0.917897 0.160337 0.020048 0.043009
0 0.916514 0.299841 0.018665 0.046318
0 0.918242 0.490075 0.012444 0.043009
0 0.919971 0.627925 0.021431 0.043009
0 0.919625 0.770187 0.013826 0.045215
0 0.917551 0.914103 0.019357 0.037495