2 0.034413 0.489114 0.051825 0.058057
2 0.626644 0.041192 0.052147 0.066025
2 0.695087 0.041192 0.058666 0.066025
2 0.625712 0.181327 0.057735 0.052551
2 0.696484 0.17998 0.050285 0.055246
2 0.75934 0.177958 0.060528 0.053898
2 0.791932 0.464292 0.040042 0.0795
4 0.764462 0.399615 0.024211 0.041771
0 0.529333 0.483831 0.025142 0.043119
0 0.53073 0.632724 0.035386 0.049856
0 0.532592 0.788355 0.024211 0.045813
0 0.675532 0.283734 0.025142 0.047161
3 0.721161 0.717614 0.021418 0.047161
3 0.804503 0.251395 0.024211 0.025602
8 0.785414 0.250047 0.02328 0.025602
1 0.087943 0.960156 0.017693 0.028297
1 0.499534 0.962177 0.028867 0.024254
1 0.578107 0.250228 0.018124 0.027475
4 0.034376 0.53809 0.018124 0.028724