4 0.186203 0.113843 0.02442 0.024287
1 0.109781 0.143857 0.023235 0.035342
1 0.112514 0.285907 0.020502 0.023109
1 0.109781 0.467376 0.036903 0.024468
1 0.109781 0.604668 0.023235 0.029905
1 0.109781 0.742639 0.023235 0.028546
1 0.113198 0.875173 0.021869 0.038061
1 0.756274 0.979841 0.025969 0.029905
2 0.191105 0.052103 0.090208 0.066607
0 0.804111 0.173762 0.028703 0.032624
0 0.804795 0.311054 0.027336 0.046217
0 0.802745 0.491844 0.045104 0.048936
0 0.803428 0.626417 0.03827 0.04078
0 0.804795 0.767787 0.049205 0.04078
0 0.810262 0.903039 0.03827 0.03942