3 0.051271 0.700678 0.016558 0.108475
3 0.279775 0.685763 0.014666 0.11661
3 0.684743 0.684407 0.012774 0.124746
3 0.413424 0.544746 0.0123 0.051525
3 0.451981 0.681695 0.01372 0.097627
3 0.324956 0.554237 0.016085 0.059661
4 0.146127 0.546102 0.014193 0.070508
4 0.211886 0.550169 0.015139 0.07322
4 0.550857 0.544746 0.014666 0.07322
4 0.616381 0.544746 0.015139 0.046102
6 0.291603 0.547458 0.00615 0.056949
6 0.385038 0.547458 0.005677 0.051525
1 0.378415 0.550169 0.006623 0.067797
1 0.342933 0.540678 0.006623 0.037966
8 0.398758 0.548814 0.011354 0.075932
6 0.337966 0.54339 0.007096 0.048814
5 0.361147 0.539322 0.024128 0.170847
3 0.36304 0.742712 0.019397 0.07322
0 0.765642 0.603051 0.020343 0.097627
0 0.857658 0.628814 0.016085 0.07322
4 0.858131 0.537966 0.014193 0.065085
2 0.390952 0.401017 0.030751 0.100339
2 0.176878 0.405085 0.031224 0.119322
2 0.306978 0.217966 0.029332 0.141017
2 0.335837 0.213898 0.023655 0.143729
2 0.36304 0.215254 0.025074 0.141017
2 0.388587 0.209831 0.027912 0.124746
2 0.418865 0.204407 0.027912 0.141017
2 0.583264 0.407797 0.034063 0.119322
2 0.783856 0.38339 0.030278 0.135593
2 0.825724 0.394237 0.028859 0.113898
2 0.881549 0.452542 0.02602 0.149153
2 0.826198 0.070169 0.032643 0.127458
4 0.390006 0.482373 0.008043 0.051525