2 0.119741 0.294565 0.151784 0.090227
2 0.25435 0.291583 0.157376 0.097684
2 0.38736 0.288973 0.158175 0.117817
2 0.521569 0.29382 0.145393 0.103649
2 0.651784 0.293074 0.150186 0.099175
1 0.862684 0.077573 0.062311 0.032064
2 0.52836 0.44221 0.131812 0.087244
3 0.198829 0.565247 0.097461 0.041012
3 0.648189 0.558909 0.071099 0.044741
3 0.384165 0.730415 0.073495 0.038775
3 0.855494 0.680081 0.046334 0.076805
7 0.376576 0.445565 0.067903 0.06562
1 0.287103 0.563756 0.034351 0.042504
1 0.465649 0.561891 0.031954 0.041758
8 0.586277 0.565993 0.083082 0.045486
5 0.372981 0.567857 0.169359 0.149136