2 0.495984 0.174528 0.062648 0.058771
0 0.878029 0.279423 0.02356 0.04538
0 0.881777 0.396221 0.014993 0.040917
0 0.881242 0.562119 0.01178 0.054307
0 0.88151 0.681149 0.019812 0.034965
0 0.882848 0.805014 0.016064 0.031245
0 0.882045 0.920324 0.019812 0.029757
1 0.852863 0.983559 0.025702 0.02083
1 0.452077 0.255245 0.01767 0.040173
1 0.453416 0.370183 0.021418 0.026038
1 0.452345 0.539801 0.029985 0.033477
1 0.4494 0.652879 0.030521 0.021574
1 0.449935 0.776373 0.034804 0.020086
1 0.45529 0.895402 0.024095 0.029014
27 0.071906 0.252641 0.121548 0.027526