2 0.207834 0.307536 0.125346 0.084034
2 0.334562 0.30844 0.124424 0.073191
2 0.466359 0.307084 0.120737 0.086744
2 0.592166 0.309343 0.123502 0.078612
2 0.721659 0.309343 0.128111 0.087648
2 0.594009 0.456628 0.130876 0.078612
3 0.05576 0.697434 0.029493 0.056022
3 0.460369 0.751197 0.053456 0.03524
3 0.710599 0.579967 0.056221 0.041565
3 0.285253 0.57816 0.0553 0.034336
6 0.124424 0.57816 0.035945 0.041565
6 0.341935 0.576805 0.034101 0.033433
6 0.564977 0.580419 0.026728 0.03524
7 0.457143 0.464308 0.041475 0.045179
1 0.543779 0.579064 0.023041 0.027108
1 0.370507 0.57816 0.024885 0.027108
5 0.458525 0.579516 0.121659 0.125599
8 0.64977 0.573191 0.058065 0.037047
4 0.598157 0.53027 0.032258 0.043372
3 0.916129 0.695627 0.048848 0.063251
1 0.910599 0.096097 0.043318 0.033433
1 0.052995 0.095193 0.03871 0.020783