0 0.937946 0.165763 0.013228 0.02981
0 0.934783 0.313008 0.014953 0.037037
0 0.93507 0.507227 0.012077 0.03523
0 0.936508 0.656278 0.014953 0.037037
0 0.937371 0.804878 0.014378 0.03252
0 0.937658 0.953478 0.017253 0.033424
1 0.469519 0.134146 0.017253 0.02981
1 0.470669 0.285456 0.018403 0.025294
1 0.470957 0.48374 0.010927 0.033424
1 0.469807 0.625113 0.015528 0.028907
1 0.470094 0.775971 0.012652 0.025294
1 0.468081 0.916441 0.015528 0.02981
4 0.520416 0.098464 0.015528 0.02168
2 0.521854 0.03523 0.05406 0.057814