4 0.242213 0.59369 0.034511 0.052574
4 0.38444 0.595712 0.031374 0.056618
1 0.532942 0.051772 0.01987 0.044486
11 0.679353 0.594364 0.009412 0.04853
11 0.75831 0.593016 0.011504 0.04853
6 0.774258 0.594364 0.017256 0.056618
6 0.667326 0.594364 0.016733 0.04853
8 0.803279 0.591668 0.028236 0.04853
3 0.834914 0.594364 0.032942 0.059314
3 0.641705 0.592342 0.029282 0.052574
6 0.568499 0.591668 0.01987 0.056618
3 0.535818 0.73928 0.026668 0.093016
3 0.725368 0.78781 0.048106 0.066055
3 0.925114 0.729843 0.032419 0.119977
1 0.925898 0.058512 0.021439 0.039094
7 0.318817 0.301162 0.07582 0.155026
7 0.598827 0.262742 0.067976 0.132109
7 0.663405 0.261394 0.061179 0.134805
7 0.721969 0.259372 0.05595 0.13885
7 0.781579 0.263417 0.058041 0.144242
7 0.842496 0.264091 0.061702 0.142894
2 0.315418 0.453492 0.07216 0.1038
2 0.605102 0.270831 0.046015 0.080883
2 0.663928 0.271505 0.045492 0.09032
2 0.720923 0.270831 0.046538 0.080883
2 0.78001 0.273527 0.045492 0.083579
2 0.838836 0.270831 0.046015 0.083579
2 0.784716 0.4481 0.071637 0.1038
5 0.7204 0.592342 0.059087 0.160418
3 0.031486 0.741302 0.029282 0.115933