1 0.402753 0.19282 0.028071 0.026711
1 0.403756 0.316663 0.026066 0.024283
1 0.402252 0.491501 0.027069 0.031568
1 0.405761 0.623844 0.020051 0.026711
1 0.403254 0.749508 0.025064 0.03521
1 0.407264 0.881244 0.021053 0.02914
0 0.93711 0.907955 0.022056 0.031568
0 0.943126 0.778041 0.040102 0.041281
0 0.947637 0.637199 0.035089 0.065564
0 0.947637 0.511534 0.039099 0.06435
0 0.946133 0.335482 0.044112 0.054637
0 0.947136 0.204961 0.034087 0.067993
2 0.465412 0.096294 0.06316 0.059493
4 0.465913 0.153967 0.020051 0.026711
1 0.899515 0.975948 0.023059 0.019426