1 0.045108 0.338698 0.033285 0.030206
0 0.24551 0.376154 0.051314 0.044705
8 0.497226 0.339302 0.04438 0.033831
3 0.54646 0.339302 0.040219 0.028998
4 0.45354 0.535644 0.051314 0.059204
3 0.367554 0.950679 0.040219 0.072495
2 0.515256 0.620221 0.085986 0.080953
2 0.454927 0.243246 0.112336 0.071287
2 0.309999 0.247475 0.158103 0.074912
2 0.157444 0.24385 0.133139 0.077328
2 0.162991 0.069861 0.085986 0.050747
2 0.299598 0.065632 0.081825 0.044705
7 0.161605 0.066841 0.133139 0.078537
7 0.307919 0.068049 0.123431 0.08337
7 0.313466 0.15746 0.123431 0.073704
7 0.15467 0.156252 0.124818 0.078537