3 0.245015 0.608759 0.030797 0.084885
3 0.666249 0.596159 0.025577 0.091517
3 0.974475 0.602127 0.031319 0.076927
3 0.815273 0.641254 0.033406 0.062338
3 0.744023 0.486074 0.026621 0.043769
3 0.908446 0.48541 0.021401 0.047748
4 0.419616 0.48541 0.024011 0.042443
4 0.534189 0.489389 0.029753 0.042443
1 0.779518 0.484084 0.006786 0.031832
1 0.842938 0.490716 0.009396 0.034485
1 0.660246 0.053027 0.020879 0.034485
1 0.981783 0.056343 0.021923 0.030506
6 0.687389 0.484747 0.014615 0.046422
6 0.766729 0.490716 0.015659 0.047748
6 0.854943 0.4874 0.011483 0.043769
4 0.864078 0.442968 0.010961 0.034485
8 0.884435 0.489389 0.024533 0.047748
5 0.812402 0.488726 0.052719 0.133959
2 0.478599 0.37002 0.055329 0.087538
2 0.71401 0.219481 0.051154 0.102127
2 0.765424 0.219481 0.048544 0.115391
2 0.814229 0.218155 0.046978 0.115391
2 0.862773 0.217492 0.048022 0.11937
2 0.910272 0.216165 0.049066 0.114064
2 0.863817 0.369356 0.046978 0.080906