4 0.048205 0.554427 0.015715 0.02419
4 0.749077 0.411103 0.020429 0.054427
1 0.104777 0.982583 0.020429 0.019352
1 0.498036 0.980769 0.018072 0.020561
1 0.571502 0.257499 0.012572 0.025399
3 0.710183 0.739478 0.032215 0.060474
3 0.793078 0.257499 0.022 0.030237
0 0.527501 0.486091 0.033001 0.056846
0 0.532608 0.648766 0.027501 0.053217
0 0.533786 0.807209 0.025143 0.048379
0 0.665004 0.282898 0.022 0.04717
8 0.769899 0.254475 0.025929 0.02419
2 0.621003 0.186744 0.044001 0.04596
2 0.69329 0.18372 0.058144 0.056846
2 0.756934 0.180697 0.056573 0.055636
2 0.619824 0.039792 0.051073 0.064103
2 0.683468 0.037978 0.060501 0.062893
2 0.778935 0.473996 0.047144 0.061684
2 0.046633 0.501209 0.055001 0.055636