1 0.401369 0.19664 0.027923 0.026589
1 0.393713 0.324752 0.027022 0.026589
1 0.396865 0.498791 0.018916 0.031424
1 0.399117 0.632947 0.027022 0.029007
1 0.392362 0.754411 0.020717 0.027798
1 0.395965 0.877689 0.015313 0.027798
0 0.881012 0.218395 0.037831 0.048344
0 0.879661 0.349529 0.029724 0.05197
0 0.87786 0.518129 0.027923 0.048344
0 0.876509 0.645637 0.037831 0.054387
0 0.87831 0.776166 0.034228 0.059222
0 0.881012 0.90307 0.03603 0.054387
1 0.834624 0.970752 0.026121 0.027798
4 0.445956 0.171259 0.021618 0.021755
2 0.453612 0.111433 0.065754 0.066473