7 0.263173 0.081831 0.03044 0.064888
7 0.088749 0.188536 0.043225 0.079308
7 0.13167 0.192141 0.047487 0.069214
7 0.175505 0.189257 0.043834 0.08075
7 0.219034 0.19142 0.043225 0.070656
7 0.261955 0.192141 0.041399 0.08075
7 0.089358 0.636986 0.043225 0.067772
7 0.132888 0.639149 0.042617 0.074982
7 0.176722 0.639149 0.042617 0.069214
7 0.221165 0.643475 0.041399 0.074982
7 0.261347 0.63987 0.042617 0.079308
2 0.345971 0.25703 0.042617 0.072098
2 0.346884 0.703317 0.042008 0.070656
7 0.298788 0.27938 0.023744 0.041817
7 0.297875 0.725667 0.021917 0.054795
11 0.62298 0.42646 0.023135 0.036049
11 0.805927 0.815068 0.016438 0.049027
3 0.212033 0.369503 0.028005 0.046143
3 0.407765 0.368782 0.029832 0.041817
3 0.409896 0.820836 0.029223 0.043259
3 0.214164 0.817952 0.032267 0.046143
4 0.346276 0.329849 0.009132 0.027397
4 0.34658 0.776857 0.008523 0.038933
8 0.366671 0.374549 0.028005 0.041817
8 0.366062 0.82372 0.026788 0.043259
6 0.258303 0.365898 0.013394 0.044701
6 0.260129 0.817952 0.014611 0.063446
6 0.338361 0.370944 0.009132 0.043259
6 0.337752 0.817952 0.009132 0.043259
1 0.268652 0.368061 0.008523 0.031723
1 0.329229 0.368782 0.007915 0.030281
1 0.271088 0.814348 0.008523 0.021629
1 0.328925 0.819394 0.008523 0.028839
5 0.299397 0.370944 0.044443 0.112473
5 0.299397 0.819394 0.046878 0.112473
7 0.261347 0.528839 0.034093 0.079308