1 0.699128 0.152366 0.029052 0.051042
11 0.67401 0.580011 0.023605 0.031729
18 0.910059 0.547593 0.034499 0.08277
7 0.194347 0.397227 0.037526 0.060698
7 0.23036 0.399986 0.03571 0.057939
7 0.265767 0.398607 0.035105 0.060698
7 0.302385 0.397917 0.03692 0.064837
7 0.338397 0.397227 0.033894 0.063457
7 0.3387 0.310319 0.027236 0.052421
7 0.194347 0.752449 0.035105 0.05656
7 0.23036 0.753138 0.03571 0.066216
7 0.266372 0.755897 0.033894 0.063457
7 0.302082 0.755208 0.036315 0.064837
7 0.337792 0.754518 0.036315 0.057939
7 0.337187 0.671058 0.02421 0.053801
2 0.407396 0.448269 0.035105 0.05518
2 0.407396 0.806939 0.036315 0.05518
3 0.299056 0.542765 0.018158 0.02897
3 0.299661 0.900055 0.021789 0.037247
3 0.462474 0.541385 0.026631 0.045524
3 0.459448 0.897296 0.019368 0.037247
4 0.408001 0.510346 0.004842 0.033108
4 0.406791 0.866947 0.009684 0.020693
8 0.424041 0.541385 0.018763 0.037247
8 0.423435 0.901435 0.021184 0.034488
6 0.335371 0.540006 0.010895 0.037247
6 0.335674 0.895917 0.009079 0.037247
6 0.400436 0.541385 0.006658 0.02897
6 0.400133 0.897986 0.007263 0.033108
1 0.343542 0.540695 0.007868 0.024831
1 0.344147 0.898676 0.006658 0.023452
1 0.392567 0.540006 0.007868 0.020693
1 0.393778 0.897986 0.009079 0.022072
7 0.366542 0.465512 0.019973 0.042765
7 0.367449 0.823493 0.019368 0.033108
5 0.367752 0.544834 0.039341 0.102083
5 0.368357 0.898676 0.038131 0.092427