11 0.963672 0.850518 0.016723 0.042377
11 0.746806 0.422511 0.016723 0.038745
3 0.277739 0.363183 0.031289 0.043588
3 0.501079 0.363183 0.029131 0.041166
3 0.499191 0.846281 0.03075 0.048431
3 0.27666 0.851729 0.03021 0.042377
1 0.341666 0.849913 0.007013 0.033902
1 0.407212 0.849913 0.007553 0.033902
1 0.341127 0.361972 0.01025 0.038745
1 0.40883 0.360761 0.00971 0.036323
8 0.454145 0.359551 0.026973 0.03148
8 0.44956 0.849913 0.023197 0.033902
4 0.42933 0.806325 0.011868 0.03148
4 0.427172 0.318384 0.011868 0.036323
6 0.32764 0.853545 0.017802 0.046009
6 0.417461 0.851124 0.010789 0.041166
6 0.329528 0.364999 0.011868 0.042377
6 0.420429 0.363788 0.013487 0.042377
5 0.374034 0.362577 0.051249 0.119866
5 0.375383 0.85294 0.051789 0.119866
2 0.130195 0.1628 0.053407 0.085965
2 0.181714 0.1628 0.047473 0.0787
2 0.233773 0.162195 0.05017 0.079911
2 0.283943 0.165222 0.045855 0.090808
2 0.333305 0.163406 0.051789 0.087176
2 0.426363 0.230603 0.053407 0.081122
2 0.42906 0.722176 0.05017 0.081122
2 0.131544 0.653163 0.048552 0.076279
2 0.183333 0.652557 0.049631 0.082332
2 0.232964 0.651952 0.047473 0.088386
2 0.281246 0.654373 0.051249 0.081122
2 0.334114 0.651952 0.051249 0.081122