11 0.036216 0.579877 0.028858 0.023831
19 0.276697 0.522287 0.070083 0.049647
19 0.598253 0.44583 0.064586 0.045675
1 0.590695 0.497463 0.038477 0.015887
1 0.359834 0.578884 0.027483 0.015887
1 0.359834 0.608176 0.024735 0.01688
1 0.828428 0.580374 0.01649 0.024824
1 0.371515 0.851943 0.026109 0.023831
1 0.825679 0.79882 0.021987 0.024824
1 0.828428 0.849957 0.024735 0.027802
0 0.27601 0.562004 0.030232 0.027802
3 0.318609 0.848467 0.038477 0.028795
3 0.873088 0.847971 0.048096 0.027802
4 0.874462 0.797827 0.031606 0.018866
39 0.925994 0.850453 0.046722 0.030781
2 0.923933 0.753145 0.078328 0.05064
2 0.928742 0.658319 0.112682 0.053619