18 0.964665 0.510081 0.040169 0.111559
1 0.709355 0.106183 0.014297 0.02957
1 0.280093 0.512769 0.009532 0.028226
1 0.338984 0.515457 0.008851 0.03629
1 0.282135 0.887769 0.00817 0.028226
1 0.338984 0.887097 0.008851 0.026882
3 0.223924 0.513441 0.027914 0.034946
3 0.420003 0.510081 0.021106 0.033602
3 0.418981 0.891801 0.02451 0.033602
3 0.222222 0.887769 0.025871 0.030914
11 0.680419 0.556452 0.013617 0.021505
8 0.375749 0.886425 0.022467 0.030914
8 0.376089 0.514113 0.021786 0.028226
6 0.26954 0.512769 0.012936 0.030914
6 0.349877 0.514113 0.014297 0.033602
6 0.269199 0.887097 0.014978 0.037634
6 0.349197 0.884409 0.010212 0.034946
5 0.310049 0.512097 0.043573 0.094086
5 0.31073 0.889113 0.04085 0.092742
2 0.09695 0.363575 0.044935 0.073925
2 0.144608 0.361559 0.042211 0.072581
2 0.18784 0.366935 0.041531 0.080645
2 0.232094 0.360215 0.040169 0.069892
2 0.274646 0.359543 0.044935 0.081989
2 0.099673 0.737903 0.043573 0.061828
2 0.143927 0.737231 0.042211 0.06586
2 0.186819 0.733199 0.042211 0.06586
2 0.229371 0.736559 0.041531 0.069892
2 0.273625 0.734543 0.046977 0.071237
2 0.355664 0.417339 0.042211 0.068548
2 0.356686 0.787634 0.046977 0.061828
4 0.357404 0.852449 0.014373 0.038829
4 0.35627 0.473865 0.018155 0.034349