11 0.065254 0.656975 0.042594 0.03571
2 0.139368 0.65214 0.094275 0.082579
2 0.217458 0.651396 0.097115 0.090019
2 0.295831 0.65028 0.098251 0.083323
2 0.38102 0.652512 0.0903 0.093739
2 0.45769 0.65214 0.10393 0.085555
2 0.614721 0.71798 0.103362 0.110106
7 0.530668 0.744391 0.067015 0.051333
3 0.371649 0.837385 0.068151 0.046869
3 0.728589 0.833666 0.048274 0.042406
8 0.645672 0.839617 0.046002 0.034966
4 0.615005 0.7987 0.0301 0.040918
1 0.578373 0.83441 0.017038 0.026039
1 0.473308 0.837385 0.021581 0.03199
5 0.52726 0.831062 0.098819 0.129449