2 0.121192 0.43133 0.096726 0.137341
2 0.199536 0.422373 0.084471 0.139331
2 0.284007 0.429339 0.087973 0.131369
2 0.359725 0.426851 0.088848 0.140326
2 0.436537 0.426354 0.085784 0.159236
2 0.58666 0.547273 0.094538 0.178145
7 0.508097 0.582106 0.04333 0.096537
8 0.625394 0.742834 0.041579 0.067675
3 0.350315 0.752289 0.065651 0.078623
3 0.700018 0.739351 0.054272 0.064689
1 0.559961 0.750796 0.017507 0.053742
1 0.454919 0.748806 0.018382 0.047771
5 0.504158 0.738854 0.108106 0.201035
4 0.593225 0.673169 0.018382 0.067675