2 0.049404 0.260552 0.086368 0.137545
2 0.115925 0.263062 0.085932 0.14658
2 0.188552 0.251516 0.075899 0.145576
2 0.260744 0.25252 0.082442 0.155616
2 0.337515 0.259548 0.083314 0.153608
2 0.676007 0.538151 0.0964 0.15662
2 0.417776 0.526103 0.098145 0.128509
7 0.337297 0.572788 0.034896 0.08333
27 0.915918 0.717863 0.159213 0.128509
3 0.50807 0.725895 0.05278 0.060239
3 0.19226 0.718365 0.051908 0.079314
5 0.336425 0.718365 0.089857 0.18172
4 0.41843 0.656118 0.019193 0.07329
1 0.41734 0.724891 0.013522 0.050199
1 0.288879 0.720373 0.017448 0.041163
8 0.4518 0.724891 0.057142 0.060239