2 0.429521 0.123609 0.139764 0.119879
2 0.903166 0.530156 0.139764 0.13626
2 0.752053 0.529411 0.148126 0.128814
0 0.090563 0.344753 0.047185 0.061801
0 0.425638 0.222268 0.044796 0.081905
0 0.664253 0.09606 0.05495 0.04542
0 0.749664 0.622485 0.045393 0.070736
0 0.577049 0.747949 0.044199 0.067013
0 0.525683 0.744598 0.034642 0.073714
3 0.244065 0.273644 0.080633 0.041697
1 0.600045 0.596052 0.059131 0.044675
1 0.590787 0.146319 0.08123 0.028294
1 0.475213 0.2729 0.044796 0.071481
11 0.130879 0.60052 0.044199 0.046165