27 0.098439 0.612308 0.141573 0.08782
27 0.096036 0.85508 0.160362 0.141019
2 0.345755 0.297761 0.078652 0.103864
2 0.411735 0.29185 0.076904 0.108931
2 0.476404 0.289316 0.073408 0.113997
2 0.542166 0.297338 0.068602 0.101331
2 0.610986 0.298605 0.066417 0.090353
7 0.657303 0.406691 0.0402 0.088664
2 0.724813 0.35307 0.093071 0.138485
3 0.826405 0.508022 0.051561 0.046443
3 0.539981 0.520266 0.054619 0.057421
8 0.758895 0.5152 0.04588 0.047288
1 0.707772 0.513089 0.015293 0.03631
1 0.620162 0.5152 0.022722 0.035466
5 0.660799 0.510978 0.112734 0.155374
4 0.733989 0.474667 0.017041 0.050665