2 0.042193 0.242529 0.078232 0.120054
2 0.111028 0.234095 0.078669 0.134937
2 0.18467 0.234591 0.082602 0.133945
2 0.259405 0.232607 0.082602 0.133945
2 0.333048 0.23856 0.083913 0.133945
2 0.413246 0.489582 0.091343 0.171647
2 0.673289 0.524805 0.100958 0.17264
27 0.911917 0.69546 0.167389 0.123031
7 0.333266 0.540183 0.037149 0.074414
1 0.284973 0.694468 0.027097 0.047625
1 0.380249 0.694964 0.015734 0.056554
1 0.414339 0.695956 0.015734 0.042664
4 0.415868 0.634937 0.033653 0.061515
3 0.508741 0.700421 0.050698 0.075406
3 0.18467 0.687522 0.053757 0.047625
5 0.330863 0.678593 0.101395 0.200421
8 0.444276 0.690499 0.04152 0.07739