2 0.036571 0.547296 0.063302 0.105368
2 0.131997 0.265916 0.059523 0.102973
2 0.196008 0.267113 0.065664 0.102973
2 0.261672 0.266515 0.06283 0.10896
2 0.325683 0.262324 0.062357 0.117341
2 0.392528 0.265916 0.065664 0.110157
2 0.468585 0.540112 0.064719 0.110157
2 0.695812 0.547296 0.06283 0.100578
5 0.394181 0.719117 0.066137 0.159249
8 0.495748 0.722709 0.039682 0.039513
7 0.392528 0.566454 0.018424 0.057473
4 0.464806 0.652664 0.008031 0.0455
3 0.553854 0.721512 0.034013 0.046697
3 0.266868 0.723308 0.03543 0.04071
1 0.351193 0.716722 0.009448 0.075434
1 0.466695 0.72211 0.012755 0.038316
1 0.43906 0.725703 0.012283 0.047894
6 0.451579 0.723308 0.014645 0.050289
6 0.337729 0.723308 0.0137 0.059868