2 0.034902 0.553882 0.062578 0.10658
2 0.127828 0.273815 0.063048 0.107764
2 0.193228 0.274407 0.063989 0.111316
2 0.25957 0.273815 0.065871 0.110132
2 0.324971 0.270854 0.062107 0.10658
2 0.388019 0.275591 0.060225 0.101843
2 0.462595 0.54204 0.06446 0.099474
2 0.692673 0.553882 0.066342 0.099474
7 0.38896 0.573421 0.020702 0.060395
8 0.49059 0.729146 0.031995 0.054474
4 0.463065 0.658685 0.007999 0.039079
1 0.464947 0.72737 0.010822 0.041448
1 0.436481 0.73033 0.008469 0.042632
1 0.348496 0.73033 0.010351 0.047369
3 0.260511 0.722041 0.037641 0.033158
3 0.550109 0.734475 0.032465 0.048553
6 0.335087 0.726185 0.014586 0.058027
6 0.44942 0.725001 0.016468 0.043816
5 0.392959 0.724409 0.06446 0.156317