2 0.095798 0.486262 0.079422 0.110889
2 0.177348 0.486752 0.083677 0.113833
2 0.262206 0.482336 0.080368 0.110889
2 0.342101 0.481355 0.078477 0.110889
2 0.422233 0.487734 0.078949 0.109907
2 0.582495 0.593716 0.078949 0.113833
4 0.58344 0.711474 0.014655 0.045141
8 0.621497 0.784091 0.042548 0.049066
7 0.489599 0.624136 0.026474 0.058879
1 0.439015 0.776731 0.011346 0.038271
1 0.54893 0.781147 0.010873 0.045141
3 0.335246 0.778694 0.043966 0.057898
3 0.701155 0.785563 0.041129 0.046122
6 0.566658 0.782128 0.022692 0.056916
6 0.420814 0.77624 0.026001 0.054954
5 0.494327 0.782128 0.082259 0.166824