2 0.133935 0.385814 0.074861 0.118708
2 0.210444 0.382422 0.070623 0.12097
2 0.2886 0.38864 0.072507 0.115317
2 0.363697 0.385248 0.072978 0.119839
2 0.440441 0.386379 0.075803 0.124361
2 0.588986 0.498869 0.073448 0.116447
4 0.594165 0.633406 0.014125 0.044092
8 0.624062 0.711979 0.042845 0.058789
3 0.702454 0.713675 0.040491 0.046353
3 0.354751 0.702935 0.035312 0.042961
6 0.440205 0.705196 0.020716 0.063311
6 0.574861 0.706892 0.021658 0.068964
1 0.456684 0.705196 0.014125 0.045222
1 0.559795 0.71311 0.012241 0.047483
5 0.506827 0.706892 0.075803 0.175236
7 0.504473 0.535047 0.02307 0.066703
11 0.914089 0.377335 0.035312 0.054267
11 0.057662 0.380161 0.022129 0.035047