2 0.135256 0.165377 0.081302 0.085685
2 0.238554 0.159514 0.07629 0.086587
2 0.358836 0.163122 0.072949 0.091999
2 0.359114 0.419727 0.072392 0.089293
2 0.237997 0.419727 0.07629 0.082077
2 0.140268 0.423334 0.08687 0.080273
2 0.956626 0.491431 0.080188 0.099214
2 0.744462 0.14824 0.076847 0.089293
8 0.06175 0.877917 0.023388 0.076666
0 0.06008 0.775094 0.022274 0.058627
0 0.361342 0.611391 0.016706 0.043294
0 0.520882 0.332237 0.021718 0.047803
0 0.74307 0.22716 0.015035 0.048705
0 0.895093 0.12073 0.031741 0.034274
0 0.957183 0.579372 0.016706 0.044196
0 0.805717 0.667763 0.016706 0.056823
0 0.840521 0.68039 0.018376 0.045999
1 0.852771 0.540588 0.022831 0.026157
1 0.855556 0.165377 0.025059 0.026157
1 0.77314 0.275866 0.012808 0.052313
3 0.623066 0.273611 0.043435 0.033372
1 0.060358 0.594254 0.033969 0.028862
16 0.059801 0.548254 0.081859 0.055921
11 0.549004 0.550058 0.032298 0.055921