2 0.333065 0.288571 0.061304 0.089785
2 0.39767 0.288089 0.061304 0.084958
2 0.462274 0.290019 0.059418 0.088819
2 0.528058 0.290502 0.061776 0.087854
2 0.593606 0.292433 0.060832 0.089785
2 0.717393 0.374012 0.064133 0.086889
4 0.719044 0.470072 0.00896 0.043444
7 0.645243 0.402492 0.021692 0.053099
3 0.519099 0.520274 0.029709 0.037652
3 0.811707 0.519309 0.036782 0.035721
1 0.603038 0.520274 0.009903 0.039583
1 0.689807 0.519309 0.011789 0.043444
5 0.64713 0.520757 0.062247 0.127436
6 0.590777 0.520274 0.016505 0.043444
6 0.704425 0.520757 0.016505 0.036686
8 0.745452 0.524618 0.037254 0.04441