0 0.095976 0.384133 0.036154 0.052171
3 0.19766 0.92707 0.046097 0.06309
4 0.26319 0.538825 0.030731 0.06309
8 0.292113 0.336815 0.036154 0.044891
3 0.329623 0.339242 0.037058 0.044891
2 0.305219 0.626787 0.062366 0.095848
2 0.072024 0.246427 0.073212 0.065516
2 0.165573 0.244607 0.095809 0.069156
2 0.262286 0.238541 0.079539 0.069156
7 0.073832 0.058977 0.085866 0.078862
7 0.166477 0.060797 0.08677 0.080076
7 0.069312 0.151185 0.082251 0.081289
7 0.161054 0.156645 0.084963 0.080076
2 0.067053 0.059584 0.061462 0.053384
2 0.163313 0.059584 0.058751 0.048531