4 0.106259 0.119357 0.033233 0.029094
1 0.046295 0.150875 0.043348 0.031518
1 0.041238 0.266644 0.030343 0.018184
1 0.04485 0.428478 0.037568 0.026669
1 0.044128 0.543641 0.041903 0.031518
1 0.038348 0.663046 0.033233 0.025457
1 0.038348 0.917616 0.036123 0.025457
4 0.283262 0.913373 0.063576 0.029094
4 0.492775 0.916404 0.060687 0.025457
0 0.751416 0.173302 0.034678 0.037579
0 0.758641 0.289677 0.052017 0.054551
0 0.76153 0.443631 0.052017 0.040004
0 0.760808 0.57031 0.047682 0.046065
0 0.755028 0.683654 0.047682 0.047277
4 0.916859 0.892159 0.021674 0.025457
2 0.916859 0.827911 0.111259 0.061824
2 0.114206 0.065412 0.109814 0.0594
2 0.380794 0.847913 0.117038 0.050914
7 0.380794 0.776997 0.128598 0.069098