4 0.10085 0.787721 0.033176 0.024178
4 0.218522 0.792557 0.030066 0.02176
4 0.686097 0.895919 0.040433 0.030223
4 0.594863 0.313828 0.023845 0.036267
3 0.34345 0.956969 0.037323 0.048356
3 0.639443 0.195354 0.021772 0.024178
3 0.556503 0.536267 0.025919 0.043521
0 0.484449 0.804646 0.033176 0.048356
0 0.689726 0.793161 0.037323 0.04473
0 0.485485 0.212883 0.04147 0.037476
0 0.371443 0.320477 0.031103 0.037476
0 0.367814 0.443786 0.034213 0.037476
0 0.367814 0.534454 0.03836 0.042312
0 0.367814 0.62754 0.036286 0.047148
8 0.614043 0.192332 0.029029 0.022969
1 0.412394 0.192332 0.013478 0.015716
1 0.410321 0.790743 0.017625 0.025387
1 0.334638 0.837286 0.017625 0.02176
2 0.156835 0.735133 0.074646 0.047148
2 0.517106 0.732716 0.057021 0.047148
2 0.60523 0.732111 0.054948 0.043521
2 0.730678 0.868718 0.04458 0.050774
2 0.6213 0.363997 0.047691 0.049565
2 0.463195 0.137326 0.054948 0.045939
2 0.532139 0.140349 0.060132 0.049565
2 0.597455 0.135513 0.058058 0.047148
2 0.46475 0.026711 0.053911 0.051983
2 0.524882 0.026106 0.060132 0.048356
2 0.607304 0.617264 0.059095 0.05561