4 0.265261 0.075097 0.056604 0.053659
4 0.266371 0.319058 0.063263 0.062394
4 0.446171 0.289732 0.036626 0.016222
4 0.554939 0.954228 0.036626 0.032445
4 0.682575 0.955476 0.034406 0.034941
3 0.284684 0.954228 0.044395 0.037436
4 0.945061 0.925527 0.026637 0.032445
0 0.847392 0.322801 0.031077 0.052411
0 0.851831 0.426999 0.031077 0.036188
0 0.850721 0.56177 0.037736 0.043676
0 0.851276 0.656609 0.032186 0.046172
0 0.855161 0.760807 0.031077 0.039932
1 0.407325 0.738969 0.021088 0.026205
1 0.405105 0.64413 0.014428 0.021214
1 0.40455 0.543676 0.022198 0.037436
1 0.402886 0.412025 0.018868 0.026205
1 0.402331 0.308451 0.013319 0.021214
1 0.402886 0.947988 0.016648 0.022462
2 0.31798 0.040781 0.051054 0.057402
2 0.31687 0.271014 0.046615 0.053659
2 0.139845 0.265399 0.058824 0.039932
2 0.139845 0.14685 0.061043 0.054907
2 0.442286 0.242313 0.059933 0.051163
2 0.615427 0.896201 0.064373 0.043676
2 0.942286 0.879979 0.069922 0.051163