13 0.338003 0.061809 0.031764 0.084776
2 0.375723 0.050249 0.035735 0.050645
2 0.234769 0.267142 0.049234 0.039635
2 0.375326 0.274299 0.036529 0.040736
2 0.47975 0.241269 0.050029 0.03413
2 0.609586 0.86993 0.04447 0.040736
2 0.864494 0.861673 0.06194 0.037433
7 0.237151 0.150989 0.050823 0.047342
7 0.239534 0.207689 0.058764 0.046241
7 0.607601 0.814881 0.062734 0.04514
13 0.338797 0.284758 0.025411 0.079271
1 0.441633 0.311182 0.015088 0.026424
1 0.440839 0.399811 0.011912 0.027525
1 0.44203 0.531928 0.014294 0.031928
1 0.442824 0.629916 0.022235 0.029727
1 0.445604 0.721848 0.027794 0.028626
1 0.442427 0.921676 0.010323 0.018717
4 0.557176 0.922227 0.023823 0.02202
4 0.660012 0.923878 0.026205 0.023121
3 0.348326 0.924979 0.025411 0.025323
4 0.475383 0.285859 0.01747 0.017616
4 0.867273 0.902409 0.016676 0.013212
0 0.78826 0.329348 0.022235 0.029727
0 0.784289 0.42183 0.019059 0.027525
0 0.785481 0.555049 0.023029 0.025323
0 0.786672 0.64533 0.023823 0.023121
0 0.786275 0.743868 0.026205 0.02202