7 0.492866 0.038758 0.038049 0.037383
7 0.542409 0.039857 0.042012 0.037383
7 0.491677 0.090434 0.037256 0.035184
7 0.542409 0.092084 0.037256 0.036284
7 0.60186 0.572567 0.038842 0.038483
7 0.60186 0.627543 0.038842 0.036284
7 0.264968 0.630841 0.046769 0.040682
2 0.491677 0.137713 0.038842 0.030786
2 0.543202 0.139362 0.035671 0.036284
2 0.593537 0.138813 0.039634 0.037383
2 0.614543 0.342221 0.035671 0.04398
2 0.602257 0.67867 0.047561 0.030786
2 0.530915 0.675371 0.039634 0.037383
2 0.263383 0.681418 0.042012 0.038483
2 0.697379 0.797966 0.038049 0.040682
1 0.455609 0.18939 0.02061 0.017592
1 0.45125 0.724849 0.015061 0.028587
1 0.396951 0.769379 0.023781 0.027488
4 0.217803 0.728697 0.023781 0.014294
4 0.310548 0.726498 0.023781 0.018692
3 0.626037 0.190489 0.015854 0.024189
8 0.608598 0.18829 0.017439 0.017592
0 0.506342 0.21083 0.019025 0.018692
0 0.418749 0.307587 0.018232 0.018692
0 0.416768 0.420836 0.019025 0.025289
0 0.415975 0.502749 0.017439 0.024189
0 0.417164 0.585212 0.016646 0.02199
0 0.66369 0.726498 0.026159 0.020891
0 0.503567 0.746289 0.022988 0.029687
3 0.561433 0.4989 0.024573 0.036284
3 0.395761 0.881528 0.015061 0.036284
13 0.606617 0.295492 0.048354 0.036284
13 0.662105 0.807312 0.027744 0.070368