1 0.389338 0.310773 0.018444 0.02781
1 0.390491 0.405084 0.018444 0.025391
1 0.387609 0.538692 0.014985 0.021764
1 0.389915 0.633003 0.014985 0.021764
1 0.391068 0.729732 0.014985 0.021764
1 0.387609 0.935887 0.014985 0.030228
4 0.435197 0.290623 0.016082 0.021831
4 0.248829 0.080749 0.038787 0.044654
4 0.247883 0.312453 0.040679 0.037708
4 0.543044 0.930166 0.035003 0.032746
4 0.678799 0.932647 0.024597 0.027785
4 0.954567 0.914289 0.021759 0.018854
3 0.270588 0.932151 0.038787 0.024808
0 0.85618 0.333292 0.042571 0.043662
0 0.85618 0.426569 0.029327 0.043662
0 0.852396 0.555073 0.031219 0.044654
0 0.852869 0.651327 0.032165 0.044654
0 0.858072 0.750558 0.029327 0.048623
2 0.301334 0.052965 0.045409 0.048623
2 0.300861 0.280203 0.046355 0.052592
2 0.436616 0.245969 0.060546 0.049615
2 0.115912 0.265815 0.06433 0.039692
2 0.118277 0.153188 0.061492 0.052592
2 0.611158 0.877574 0.0596 0.048623
2 0.95504 0.867651 0.06433 0.048623