0 0.342975 0.319827 0.030329 0.036207
0 0.343464 0.442711 0.031307 0.034012
0 0.342975 0.532131 0.024459 0.039498
0 0.344932 0.625939 0.024459 0.038401
0 0.672189 0.779544 0.031307 0.031818
0 0.461355 0.804779 0.026415 0.036207
3 0.618857 0.19358 0.024659 0.019911
3 0.53255 0.538152 0.035509 0.047565
3 0.315056 0.947435 0.036496 0.047565
0 0.463998 0.217916 0.028605 0.039822
8 0.596664 0.197451 0.019727 0.02323
4 0.668176 0.892126 0.040441 0.038716
4 0.189294 0.782062 0.027618 0.022123
4 0.074382 0.782062 0.036496 0.026548
1 0.309138 0.827968 0.024659 0.018805
1 0.391499 0.196898 0.0217 0.024336
1 0.389034 0.780403 0.020714 0.032079
4 0.578416 0.31194 0.022686 0.03761
2 0.607021 0.362271 0.038468 0.056415
2 0.593212 0.728413 0.062141 0.038716
2 0.589266 0.613371 0.050305 0.040928
2 0.497041 0.72786 0.059182 0.039822
2 0.130112 0.733391 0.055237 0.035397
2 0.714042 0.8606 0.045373 0.050884
2 0.441311 0.141037 0.044387 0.043141
2 0.508877 0.141037 0.053264 0.043141
2 0.579896 0.144908 0.055237 0.042034
2 0.439338 0.031526 0.060168 0.05199
2 0.50937 0.030973 0.068059 0.055309