2 0.198741 0.376965 0.078818 0.172249
2 0.264204 0.366029 0.074001 0.174983
2 0.336672 0.368079 0.078818 0.165414
2 0.400164 0.37013 0.082321 0.202324
2 0.466065 0.363978 0.103777 0.209159
2 0.606185 0.514354 0.083634 0.192755
11 0.071319 0.612098 0.053421 0.082023
3 0.402135 0.759057 0.058238 0.066986
3 0.711494 0.753589 0.053421 0.094327
1 0.48139 0.742652 0.012698 0.064252
1 0.576628 0.751538 0.014888 0.082023
5 0.527367 0.755639 0.083634 0.25974
4 0.606842 0.658578 0.016639 0.049214
8 0.637274 0.744019 0.04335 0.064252
7 0.530213 0.547847 0.03503 0.098428