2 0.213793 0.329787 0.097005 0.197705
2 0.298781 0.324522 0.09482 0.180157
2 0.387483 0.344995 0.088702 0.197705
2 0.465699 0.336221 0.086955 0.182497
2 0.545881 0.34207 0.1005 0.191856
2 0.718479 0.491226 0.127592 0.249178
1 0.938269 0.73514 0.02447 0.093588
1 0.562922 0.722272 0.020974 0.056153
1 0.672817 0.725196 0.024033 0.08072
7 0.614701 0.524567 0.037141 0.107626
3 0.826845 0.726366 0.065544 0.092418
3 0.450187 0.722272 0.049813 0.07721
17 0.540637 0.73397 0.034957 0.088909
5 0.614483 0.715837 0.123222 0.270235
4 0.706026 0.626344 0.021411 0.084229
8 0.739671 0.726951 0.051124 0.072531