2 0.180149 0.326979 0.081924 0.182843
2 0.246603 0.30129 0.083231 0.228176
2 0.315672 0.314135 0.076694 0.223643
2 0.383433 0.32169 0.076259 0.196443
2 0.454027 0.30809 0.084102 0.250842
2 0.583449 0.456934 0.094561 0.270487
3 0.375589 0.730443 0.039655 0.077066
3 0.671909 0.731954 0.051856 0.113332
8 0.611338 0.736487 0.044012 0.098221
7 0.506536 0.512844 0.035733 0.125421
4 0.582577 0.645821 0.010023 0.074044
1 0.552945 0.739509 0.016123 0.08311
1 0.461435 0.728932 0.016995 0.074044
17 0.448362 0.734976 0.027453 0.067999
5 0.510676 0.72742 0.080616 0.246309