11 0.077506 0.312305 0.021189 0.038061
1 0.339788 0.314544 0.016538 0.030598
1 0.340047 0.364546 0.013954 0.035076
1 0.525841 0.191031 0.023773 0.032837
1 0.710084 0.668291 0.018088 0.030598
1 0.712668 0.747399 0.023257 0.033584
1 0.342631 0.750011 0.026357 0.037315
19 0.537469 0.0914 0.04703 0.063436
0 0.5292 0.15894 0.013954 0.03433
39 0.78528 0.749638 0.039278 0.033584
3 0.747811 0.749265 0.033593 0.038808
4 0.748328 0.665679 0.023257 0.0403
2 0.785797 0.598512 0.073387 0.07463
2 0.790965 0.444774 0.091993 0.080601
3 0.301286 0.745533 0.041862 0.035822