2 0.148631 0.314232 0.084995 0.185004
2 0.213691 0.314232 0.078423 0.209467
2 0.280942 0.328757 0.077108 0.210996
2 0.347097 0.309645 0.078861 0.212525
2 0.415882 0.313467 0.090252 0.241575
2 0.544469 0.480888 0.09069 0.200294
1 0.426616 0.728579 0.021468 0.065745
1 0.517744 0.727815 0.017963 0.079506
3 0.641073 0.724757 0.041183 0.082564
3 0.339211 0.733166 0.05345 0.084093
17 0.413691 0.74234 0.032421 0.077977
5 0.468237 0.730108 0.088938 0.288973
4 0.537021 0.642958 0.033735 0.105498
8 0.567689 0.724757 0.052136 0.076448
7 0.473494 0.506116 0.038992 0.116201