1 0.195831 0.277918 0.016717 0.020764
1 0.194741 0.327119 0.01599 0.0325
1 0.655173 0.654825 0.01817 0.028889
1 0.65263 0.74104 0.014536 0.035208
1 0.193651 0.736978 0.01817 0.025278
1 0.428046 0.139794 0.045062 0.022569
0 0.424775 0.103232 0.019624 0.030694
3 0.698782 0.740137 0.044335 0.031597
39 0.748568 0.738783 0.03634 0.030694
4 0.699872 0.652117 0.026165 0.027083
3 0.149315 0.740137 0.039974 0.024375
19 0.438948 0.047711 0.043608 0.037014
2 0.746388 0.40566 0.069774 0.057777
2 0.747115 0.57809 0.071227 0.063194