2 0.176669 0.347195 0.082784 0.138576
2 0.262528 0.343483 0.079473 0.138576
2 0.347441 0.34472 0.081838 0.141051
2 0.431171 0.345339 0.078054 0.144763
2 0.518922 0.346576 0.085149 0.147237
2 0.685437 0.480203 0.087042 0.154661
7 0.586096 0.529695 0.025545 0.085373
4 0.684254 0.649093 0.012772 0.069288
8 0.727538 0.740652 0.053928 0.064339
3 0.425731 0.73261 0.045413 0.063102
3 0.808667 0.741271 0.048724 0.075474
1 0.649721 0.735703 0.012772 0.056915
1 0.531931 0.733229 0.013719 0.049491
17 0.516557 0.739415 0.025545 0.054441
6 0.666751 0.735085 0.014665 0.058152
5 0.592718 0.73694 0.081365 0.215288
1 0.923382 0.73694 0.022707 0.071763