2 0.139566 0.332199 0.068024 0.141804
2 0.208298 0.338501 0.061883 0.148106
2 0.275142 0.33535 0.06708 0.154409
2 0.344347 0.336926 0.063773 0.144955
2 0.411663 0.33535 0.0633 0.151257
2 0.547003 0.471639 0.068497 0.143379
5 0.471184 0.729249 0.066135 0.233188
7 0.469058 0.521271 0.021258 0.094536
4 0.54535 0.641804 0.011337 0.077204
8 0.574638 0.731613 0.032123 0.077204
3 0.642662 0.722159 0.034012 0.064599
3 0.33797 0.730825 0.038736 0.066175
1 0.422292 0.734764 0.010865 0.061448
1 0.517715 0.728462 0.014644 0.070902
6 0.532123 0.732401 0.015117 0.081931
17 0.408356 0.731613 0.01984 0.061448