2 0.135121 0.33629 0.06317 0.141935
2 0.528992 0.470968 0.05987 0.137097
2 0.397938 0.337097 0.064585 0.15
2 0.332882 0.335484 0.065527 0.133871
2 0.201355 0.337903 0.065527 0.132258
2 0.268061 0.337903 0.06317 0.145161
4 0.526164 0.63871 0.010843 0.053226
8 0.55657 0.73871 0.028285 0.079032
7 0.454037 0.525 0.024042 0.090323
17 0.397702 0.741129 0.021685 0.064516
5 0.455687 0.733871 0.064113 0.220968
6 0.515793 0.740323 0.019328 0.072581
1 0.413023 0.741129 0.011786 0.058065
1 0.499529 0.730645 0.016028 0.056452
3 0.326517 0.740323 0.033942 0.079032
3 0.621391 0.739516 0.034414 0.058065
11 0.950206 0.857258 0.029228 0.051613