2 0.171907 0.325589 0.070593 0.153666
2 0.240131 0.330199 0.064908 0.14752
2 0.31333 0.32482 0.066329 0.14291
2 0.380607 0.330967 0.067277 0.145983
2 0.450253 0.325589 0.066329 0.15674
2 0.586228 0.473877 0.066329 0.167496
8 0.62034 0.722816 0.037902 0.075297
4 0.590018 0.637532 0.012318 0.061467
7 0.508765 0.515367 0.02511 0.08759
17 0.450253 0.725121 0.021794 0.052247
3 0.376106 0.719743 0.036481 0.053783
3 0.689275 0.728963 0.038376 0.06915
1 0.56017 0.725121 0.011371 0.058393
1 0.465414 0.723585 0.006633 0.07376
5 0.513029 0.729731 0.070593 0.224353
6 0.574857 0.725121 0.019899 0.07376