3 0.055171 0.438161 0.041355 0.067902
1 0.115878 0.436342 0.014315 0.047289
0 0.132579 0.39936 0.016966 0.048501
1 0.194346 0.347827 0.023859 0.030313
1 0.19143 0.622466 0.020147 0.021826
1 0.530486 0.558202 0.017496 0.033951
1 0.655876 0.388447 0.021208 0.036376
1 0.699351 0.389053 0.018026 0.037589
1 0.895786 0.387234 0.019617 0.033951
1 0.941117 0.384203 0.021208 0.035163
6 0.942443 0.644898 0.02704 0.061839
0 0.891014 0.106533 0.016436 0.044864
0 0.938996 0.110171 0.018026 0.047289
0 0.694049 0.111383 0.016966 0.040014
0 0.642621 0.107746 0.015906 0.037589
1 0.642356 0.067732 0.016436 0.027888
1 0.691663 0.07137 0.017496 0.013338
1 0.885712 0.068945 0.019617 0.020613
1 0.93555 0.068945 0.013255 0.015763
6 0.934755 0.04045 0.024389 0.036376
6 0.690868 0.042269 0.020147 0.027888
0 0.65296 0.32782 0.017496 0.043651
0 0.699086 0.328427 0.017496 0.044864
0 0.897642 0.332064 0.013785 0.047289
0 0.941382 0.330852 0.018557 0.044864
6 0.695375 0.646716 0.017496 0.031526
0 0.6967 0.901348 0.019087 0.055777
2 0.696435 0.834659 0.049308 0.077602
6 0.59941 0.591546 0.018557 0.035163
4 0.600736 0.744325 0.015906 0.054564
3 0.571576 0.742507 0.013785 0.063052
25 0.471105 0.515157 0.036583 0.129741
3 0.303035 0.554564 0.031281 0.043651
1 0.272814 0.559414 0.011134 0.041226
0 0.263536 0.523644 0.016966 0.052139
0 0.250016 0.611553 0.033402 0.080027
2 0.260089 0.456349 0.052489 0.082452
15 0.253197 0.376928 0.030221 0.054564
0 0.213698 0.315695 0.025449 0.026676
2 0.123301 0.32782 0.05673 0.080027
0 0.554609 0.523644 0.023328 0.047289
2 0.558056 0.446649 0.050368 0.080027
0 0.19143 0.670361 0.031811 0.056989
2 0.51458 0.493937 0.041885 0.089727