11 0.012438 0.472777 0.013616 0.062513
6 0.041503 0.601835 0.018329 0.050413
0 0.068997 0.716778 0.026185 0.078645
0 0.259361 0.704678 0.028803 0.102843
0 0.547133 0.537306 0.02828 0.09881
6 0.229772 0.605868 0.0199 0.038314
6 0.377979 0.533273 0.017806 0.078645
25 0.647159 0.652248 0.029327 0.187538
25 0.650301 0.426396 0.029327 0.211736
2 0.685389 0.394132 0.029327 0.123009
2 0.684603 0.624017 0.032993 0.123009
1 0.700838 0.473785 0.01414 0.05243
2 0.458628 0.352793 0.040848 0.116959
2 0.51702 0.341702 0.049751 0.114943
7 0.458628 0.209619 0.042943 0.10486
7 0.51702 0.201553 0.049751 0.116959
7 0.460461 0.070478 0.047656 0.120992
7 0.514925 0.066445 0.047656 0.112926
2 0.462294 0.061404 0.031422 0.05848
2 0.512569 0.065437 0.02828 0.074612
22 0.402854 0.461686 0.025661 0.076628
3 0.383739 0.90734 0.018853 0.084694
0 0.355983 0.434463 0.0199 0.062513
2 0.34839 0.338677 0.050799 0.108893