11 0.010963 0.326492 0.008565 0.032646
0 0.068631 0.454054 0.022268 0.048365
0 0.257337 0.446799 0.023981 0.048365
0 0.289882 0.659603 0.022839 0.060456
0 0.547962 0.361556 0.020555 0.044737
0 0.548247 0.940723 0.026836 0.044737
0 0.349263 0.3011 0.013703 0.042319
0 0.347836 0.883895 0.016558 0.039901
6 0.229645 0.394807 0.018842 0.021764
6 0.040082 0.396016 0.015416 0.029019
6 0.295021 0.846412 0.017129 0.02781
6 0.377812 0.354301 0.019413 0.030228
3 0.580507 0.918354 0.023981 0.053201
25 0.647882 0.428662 0.025123 0.106402
25 0.647311 0.304123 0.025123 0.108821
2 0.681284 0.281754 0.026836 0.066501
2 0.680142 0.405689 0.02912 0.060456
1 0.698984 0.328305 0.009707 0.026601
1 0.700697 0.908681 0.009707 0.029019
8 0.40579 0.907472 0.018271 0.033855
22 0.428058 0.90445 0.019413 0.039901
22 0.401793 0.324074 0.018271 0.032646
2 0.457748 0.830089 0.037684 0.053201
2 0.459176 0.678949 0.050816 0.062874
2 0.457748 0.097364 0.042252 0.067711
2 0.509421 0.099178 0.041681 0.064083
2 0.454893 0.252131 0.043394 0.053201
2 0.513418 0.252736 0.0531 0.049574
3 0.380096 0.559851 0.014845 0.05441
2 0.34698 0.833716 0.038826 0.050783