3 0.15155 0.460308 0.030255 0.067171
3 0.376373 0.579384 0.030255 0.048852
3 0.61502 0.733268 0.018257 0.05618
25 0.520344 0.540914 0.032341 0.128236
0 0.599893 0.534196 0.015127 0.036639
0 0.685962 0.35894 0.013041 0.040303
0 0.726388 0.357719 0.016692 0.045188
0 0.676833 0.151319 0.008346 0.040303
0 0.721172 0.150098 0.009389 0.035418
0 0.897744 0.154372 0.010954 0.036639
0 0.941301 0.150708 0.008346 0.034196
0 0.90583 0.354665 0.011476 0.039082
0 0.945213 0.355276 0.011998 0.03786
0 0.725345 0.879824 0.015649 0.039082
0 0.214667 0.424279 0.011476 0.036639
0 0.295781 0.341231 0.014084 0.024426
0 0.273872 0.666097 0.008868 0.046409
0 0.322906 0.610528 0.014084 0.050073
0 0.336729 0.532975 0.013562 0.039082
1 0.204235 0.456644 0.014606 0.03786
1 0.273351 0.624573 0.016171 0.021983
1 0.345075 0.570225 0.009389 0.03786
1 0.578506 0.570835 0.014084 0.031754
1 0.685701 0.413898 0.014606 0.02809
1 0.725345 0.414509 0.015649 0.031754
1 0.67579 0.117123 0.015649 0.020762
1 0.721954 0.118955 0.015127 0.017098
1 0.898266 0.117733 0.015127 0.019541
1 0.940518 0.120176 0.015127 0.024426
1 0.946256 0.412677 0.013041 0.025647
1 0.904265 0.410845 0.013562 0.021983
6 0.941822 0.089033 0.014606 0.030532
6 0.722215 0.090254 0.018779 0.030532
6 0.727171 0.646556 0.015127 0.036639
6 0.944691 0.646556 0.018257 0.041524
6 0.641623 0.600147 0.015127 0.039082
4 0.640319 0.737543 0.014606 0.050073
1 0.271525 0.374817 0.020865 0.030532
2 0.213102 0.358329 0.04486 0.080606
2 0.335686 0.470689 0.04799 0.06595
2 0.559988 0.512824 0.035471 0.086712
2 0.598588 0.468246 0.040687 0.070835
2 0.727692 0.811431 0.048512 0.078163