3 0.304592 0.446548 0.031265 0.028655
3 0.602589 0.554003 0.031917 0.03637
3 0.92892 0.718769 0.022798 0.055106
1 0.373962 0.443241 0.020192 0.035268
1 0.46906 0.365543 0.025403 0.025349
1 0.46906 0.605803 0.026706 0.027553
1 0.563508 0.554554 0.011073 0.033063
1 0.876486 0.554003 0.024752 0.031961
0 0.390572 0.412382 0.016935 0.037472
0 0.532568 0.59423 0.007816 0.035268
0 0.553086 0.52094 0.011073 0.038574
0 0.466455 0.648234 0.012376 0.039676
0 0.496418 0.332479 0.022798 0.025349
0 0.907426 0.52094 0.013679 0.03637
2 0.390246 0.349011 0.059274 0.067229
2 0.555691 0.459222 0.063182 0.06282
2 0.852711 0.494489 0.048852 0.07825
2 0.906774 0.459773 0.057971 0.052901
14 0.804836 0.518736 0.032568 0.12013
22 0.961488 0.714912 0.020192 0.06282
6 0.960511 0.581556 0.018238 0.029757