6 0.183323 0.018336 0.039811 0.023253
6 0.789533 0.017229 0.053081 0.027682
6 0.806423 0.616817 0.045843 0.039862
6 0.19599 0.61571 0.048256 0.031004
1 0.066303 0.042143 0.027747 0.015502
1 0.181513 0.042143 0.038604 0.017716
1 0.674323 0.045465 0.047049 0.022145
1 0.794962 0.044911 0.051875 0.018824
1 0.086209 0.360484 0.036192 0.029896
1 0.196593 0.360484 0.047049 0.027682
1 0.691213 0.361037 0.054288 0.028789
1 0.804613 0.358269 0.051875 0.032111
0 0.065097 0.078683 0.03016 0.042076
0 0.18272 0.077022 0.038604 0.047613
0 0.67372 0.07979 0.036192 0.039862
0 0.791946 0.077576 0.036192 0.042076
0 0.086209 0.296262 0.031366 0.043184
0 0.195387 0.299584 0.042224 0.038755
0 0.693625 0.29903 0.034985 0.046505
0 0.803407 0.301798 0.039811 0.047613
0 0.19599 0.866507 0.038604 0.049827
2 0.195387 0.796749 0.114607 0.067544