11 0.008756 0.289082 0.012681 0.031707
6 0.038345 0.362834 0.025966 0.033085
6 0.226751 0.362145 0.021135 0.031707
6 0.376208 0.313896 0.020531 0.02895
6 0.292874 0.852909 0.018116 0.034464
0 0.060386 0.426248 0.012077 0.046871
0 0.25 0.427626 0.013285 0.033085
0 0.290761 0.650262 0.017512 0.039978
0 0.347524 0.895644 0.013889 0.031707
0 0.346618 0.261511 0.014493 0.031707
0 0.540761 0.327681 0.017512 0.039978
0 0.539251 0.957679 0.018116 0.045492
22 0.423611 0.919079 0.019928 0.037221
7 0.455012 0.040943 0.038043 0.062035
7 0.50785 0.040254 0.041063 0.060656
7 0.45471 0.127102 0.03744 0.063413
7 0.508152 0.127792 0.038043 0.059278
7 0.455616 0.67094 0.039251 0.059278
7 0.455918 0.759167 0.041063 0.064792
2 0.34692 0.208437 0.036836 0.055142
2 0.455012 0.204301 0.038043 0.052385
2 0.506944 0.206369 0.042874 0.056521
2 0.346316 0.837745 0.038043 0.053763
2 0.45622 0.834988 0.046498 0.051006
22 0.396135 0.289082 0.018116 0.039978
14 0.647947 0.256686 0.024155 0.096498
14 0.647645 0.397987 0.021135 0.106148
2 0.67965 0.239454 0.029589 0.073063
2 0.678744 0.377309 0.032609 0.070306
1 0.698671 0.295285 0.014493 0.030328
1 0.698671 0.917701 0.013285 0.026192
3 0.580616 0.921147 0.024758 0.027571
8 0.402174 0.919768 0.019324 0.027571
3 0.376208 0.542735 0.016908 0.053763