11 0.017216 0.283025 0.01497 0.031516
6 0.048492 0.357572 0.015505 0.025455
6 0.233747 0.357572 0.022455 0.030304
6 0.385853 0.315147 0.014435 0.040001
6 0.301647 0.843645 0.017109 0.037577
0 0.074423 0.419998 0.020317 0.053335
0 0.264489 0.419998 0.02299 0.048486
0 0.552395 0.321814 0.018178 0.053335
0 0.35725 0.261812 0.013901 0.040001
0 0.29737 0.643034 0.023524 0.075153
0 0.355379 0.884858 0.016574 0.030304
25 0.655849 0.258176 0.024059 0.088487
25 0.656116 0.392119 0.022455 0.111518
3 0.385853 0.538789 0.011228 0.041213
3 0.588751 0.906677 0.022455 0.032728
8 0.410982 0.908495 0.02192 0.031516
1 0.705036 0.906677 0.014435 0.030304
1 0.707442 0.28848 0.011762 0.030304
0 0.551593 0.943041 0.02192 0.049698
2 0.464981 0.043625 0.043306 0.076365
2 0.51898 0.039989 0.044376 0.071517
2 0.462575 0.205447 0.040633 0.063032
2 0.51898 0.204235 0.036891 0.065456
2 0.355379 0.204841 0.042237 0.06182
2 0.464179 0.664246 0.039564 0.069093
2 0.466317 0.829099 0.038494 0.052122
2 0.356982 0.826069 0.036891 0.065456
2 0.68766 0.235145 0.032079 0.073941
2 0.687928 0.3703 0.032613 0.075153
22 0.407239 0.285449 0.020851 0.036365
22 0.431565 0.905464 0.018178 0.035152