3 0.190172 0.411255 0.023531 0.032144
3 0.394371 0.52865 0.0251 0.034939
3 0.616349 0.706141 0.012027 0.05171
25 0.532682 0.490217 0.023531 0.122986
0 0.250569 0.378412 0.009413 0.039132
0 0.300507 0.634166 0.013073 0.039132
0 0.348093 0.57477 0.015165 0.05171
0 0.360904 0.496506 0.010458 0.040529
0 0.680929 0.308534 0.01255 0.044722
0 0.716749 0.309232 0.012027 0.048915
0 0.67204 0.09261 0.009413 0.034939
0 0.711781 0.093308 0.010458 0.041927
0 0.874147 0.096104 0.00889 0.039132
0 0.91415 0.097501 0.01255 0.041927
0 0.881729 0.307835 0.011504 0.043325
0 0.918856 0.31063 0.010458 0.037734
0 0.717272 0.857777 0.009935 0.041927
0 0.60223 0.495807 0.012027 0.047517
0 0.322731 0.293859 0.017779 0.026554
1 0.237757 0.413351 0.013073 0.041927
1 0.301815 0.328798 0.013596 0.029349
1 0.300507 0.587348 0.014119 0.026554
1 0.680929 0.367231 0.011504 0.022361
1 0.715703 0.366533 0.012027 0.026554
1 0.882252 0.366533 0.014642 0.026554
1 0.917026 0.369328 0.015165 0.029349
1 0.672563 0.061164 0.01255 0.030746
1 0.712043 0.056972 0.015165 0.019566
1 0.874147 0.062562 0.009935 0.019566
1 0.913627 0.061863 0.013596 0.026554
1 0.582098 0.53424 0.009413 0.037734
1 0.367441 0.533542 0.009935 0.036337
6 0.637527 0.564288 0.017779 0.036337
6 0.717795 0.609709 0.020394 0.040529
6 0.918595 0.609709 0.01621 0.04612
6 0.913104 0.033213 0.018825 0.027951
6 0.710474 0.033213 0.019348 0.030746
4 0.63805 0.708936 0.014642 0.054505
2 0.250569 0.309232 0.043925 0.079661
2 0.363257 0.430122 0.045494 0.075469
2 0.562489 0.464362 0.035035 0.107613
2 0.600661 0.428025 0.038173 0.076866
2 0.71518 0.788597 0.036081 0.065686